00000000
11111111
00000000
11111110
00000001
11111110
00000000
11111111
11111110
00000010
11111011
00000101
11111010
00000101
11111100
11111111
00000100
11110110
00001110
11101101
00010011
11101110
00001011
11111111
11110000
00100010
11001000
01001100
10011111
01101111
10000110
01111101
10000110
01101111
10011111
01001100
11001000
00100010
11110000
11111111
00001011
11101110
00010011
11101101
00001110
11110110
00000100
11111111
11111100
00000101
11111010
00000101
11111011
00000010
11111110
11111111
00000000
11111110
00000001
11111110
00000000
11111111
00000000
