00000000000000000000000000000000
00000000000000000000000000000000
00000000000000000000000000000000
00000000000000000000000000000000
00000000000000000000000000000000
00000000000000000000000000000000
00000000000000000000000000000000
00000000000000000000000000000000
00000000000000000000000000000000
00000000000000000000000000000000
00000000000000000000000000000000
00000000000000000000000000000000
00000000000000000000000000000000
00000000000000000000000000000000
00000000000000000000000000000000
00000000000000000000000000000000
00000000000000000000000000000000
00000000000000000000000000000000
00000000000000000000000000000000
00000000000000000000000000000000
00000000000000000000000000000000
00000000000000000000000000000000
00000000000000000000000000000000
11111111111111111111010101100000
11111111111111111101100000010100
11111111111111111100101000000100
11111111111111111100001001111010
11111111111111111000110011101100
11111111111111110110000011110000
11111111111111110110011101100010
11111111111111110011111010100100
11111111111111101101001011011110
11111111111111101010110001010000
11111111111111101001001111100110
11111111111111100011000110011110
11111111111111011101001001100010
11111111111111010110011110001100
11111111111111001111101101011000
11111111111111001110100101001100
11111111111111000101000101001110
11111111111110110000110101110000
11111111111110110011010010111100
11111111111110111011110100011010
11111111111110011011110111010000
11111111111110000110000100010000
11111111111110100011100111111110
11111111111110011011001110111100
11111111111101100001101011110100
11111111111101101011010011111010
11111111111110010010001111011110
11111111111101100001101001110010
11111111111100110100100010110000
11111111111101100000100110111010
11111111111101100110100110100000
11111111111100100101110100101110
11111111111100100000101111000110
11111111111101000100110001010110
11111111111100101011111110010100
11111111111100001000001001000010
11111111111100010000100101010110
11111111111100010110101110110010
11111111111100001011110111010100
11111111111011111110110000100100
11111111111011101110010100001110
11111111111011110110010001111010
11111111111100000111110000110100
11111111111011100111101000100100
11111111111011001100010110000000
11111111111011110100110110000010
11111111111011111111110001111000
11111111111011000101111001000010
11111111111011000101110101001000
11111111111011111100111011001110
11111111111011101000010010001000
11111111111010110101100001110110
11111111111011010011010001010010
11111111111011110111101101001010
11111111111011010011100100101010
11111111111010111011100101110100
11111111111011011101101101101110
11111111111011101011011000011010
11111111111011001110001101110110
11111111111011000110101101000100
11111111111011011111100000101110
11111111111011100110011100010100
11111111111011010101001111110110
11111111111011010101000101001110
11111111111011101011000001001000
11111111111011110011101011110100
11111111111011101010101011111000
11111111111011110000100010101110
11111111111100000110011000100010
11111111111100001101100101011110
11111111111100001010101010100110
11111111111100010111000001000100
11111111111100101010111000001010
11111111111100110001111011011010
11111111111100110111011001101110
11111111111101000110110100100110
11111111111101010110110010000000
11111111111101100100111101101010
11111111111101110001011011000000
11111111111101111010000111000110
11111111111110001101010100110010
11111111111110101000111000000100
11111111111110101100110101110100
11111111111110101110111000110000
11111111111111011001001011010100
11111111111111110101111110111010
11111111111111100001110001010100
11111111111111110100111111101000
00000000000000110101011101011010
00000000000000110011101001000000
00000000000000011000111001111010
00000000000001010010110101011010
00000000000010000110011010110100
00000000000001100100001011000110
00000000000001101001011100010010
00000000000010110010100110011110
00000000000010111101000001000010
00000000000010100000000111010110
00000000000011000110011010010010
00000000000011110101101110111000
00000000000011101011011001001010
00000000000011101011100010000100
00000000000100010001110110101110
00000000000100100101100010111000
00000000000100100110000010111010
00000000000100110100100001101000
00000000000101001011001010110110
00000000000101011001000100000100
00000000000101100101010111000110
00000000000101110011010110111000
00000000000110000000110010000110
00000000000110010000000101011110
00000000000110100010101000010110
00000000000110101100111000111010
00000000000110110001101101110100
00000000000111000111010111100110
00000000000111100000000110010000
00000000000111011100001100011010
00000000000111011111001011001100
00000000001000000101001100011110
00000000001000010011001010101100
00000000001000000000010010101110
00000000001000010111110010011110
00000000001001000001101100101010
00000000001000110100111111101100
00000000001000101010011111101010
00000000001001010101010110001010
00000000001001100111001000010010
00000000001001010001000001010010
00000000001001100000001010001100
00000000001010000011100011000010
00000000001001111111001111011010
00000000001001111001011000101110
00000000001010010001001101101110
00000000001010011111100001000010
00000000001010011100000101110100
00000000001010100100010110010000
00000000001010110010001010000000
00000000001010111000010010110100
00000000001010111101101111100100
00000000001011000100101111001110
00000000001011001011101011110000
00000000001011010011100111100100
00000000001011011001100001101100
00000000001011011101000000001100
00000000001011100100000010110100
00000000001011101011001001000010
00000000001011101110000111101010
00000000001011110010100111010100
00000000001011111000010111001000
00000000001011111100100011100100
00000000001011111111010010010000
00000000001100000100000011010000
00000000001100000111100001110000
00000000001100001010011010011100
00000000001100001101010111010110
00000000001100010000010110111010
00000000001100010010010000001010
00000000001100010100100001001010
00000000001100010110101111110100
00000000001100011000010000011000
00000000001100011001001101101000
00000000001100011011000010010110
00000000001100011100001011000000
00000000001100011100010000010100
00000000001100011100110100101110
00000000001100011110000011110010
00000000001100011101101110001110
00000000001100011101000001000100
00000000001100011011100110100110
00000000001100100001111010111110
00000000001100001111001010111110
00000000001001111111101111110000
00000000001001111010101100010100
00000000001101010111111011000100
00000000001001001011111100010010
00000000000110000101011110010000
00000000001101100111011010110010
00000000001101001001011111010100
00000000000010110001010111000110
00000000000101111101110000111110
00000000001111101101010010010010
00000000000101001000000110010010
00000000000100101110101010000000
00000000000110101111111100011000
00000000000001111010011111110110
00000000001011110001010101001000
00000000001110001001000101000000
11111111101100100111110001011110
11111111111111110001010101111000
00000000110000000110010010111100
11111111110011010111000011000010
11111111001001001111000111111110
00000000110100100011111110001110
00000000111000010100100101100110
11111110101011101111111010010000
11111111100110011100000000011010
00000001110000110010011001101010
11111111110000001010000010100100
11111110001110111100111000110100
00000000111101011100000010110010
00000001010110111111011101010110
11111110011111010010001101110000
11111111001111111111000100111110
00000001100010001101111110100000
11111111111110110111001000111000
11111110100111001100111001010000
00000000011000110110111100110010
00000000110001001111100001111110
11111111010100111110000110001010
11111111100011101111100000000110
00000000011010100110100010010110
11111111111100111000111000011010
11111111101001111111001010101100
11111111111101010000001010000110
11111111111011101111111001001010
11111111110111010100101001111110
11111111111011001110101011101100
11111111110011011101110100011110
11111111110010111100000100101000
11111111111101111111010101111100
11111111110110001011110001100110
11111111101110111010101010010000
11111111110111100100010100110010
11111111111000010001000010111110
11111111110010110111000100011110
11111111110010110101101100010110
11111111110111000001110110100010
11111111110010111101010100110010
11111111110010111111000111001010
11111111110010101100001000101000
11111111110011010101100100000010
11111111110010101110111100111100
11111111110011010101101110111110
11111111110010110101111001000000
11111111110011010111010000111100
11111111110010111100011000110010
11111111110011011000100000011110
11111111110011000100110010010010
11111111110011011101010011000010
11111111110011001011100011100100
11111111110011100001011011010000
11111111110011010110001101110000
11111111110011101000001001100100
11111111110011011101111001001010
11111111110011110000001000100000
11111111110011101010000001011010
11111111110011111000001010101110
11111111110011110100010111001000
11111111110100000011011001001010
11111111110100000000111011100000
11111111110100001110000000000100
11111111110100001110011010010100
11111111110100011010110010000010
11111111110100011100010100000000
11111111110100101000111100100110
11111111110100101011100100011010
11111111110100110111001110110100
11111111110100111100010001111100
11111111110101000111111000010010
11111111110101001100101111001110
11111111110101011000111110101010
11111111110101011111110110101010
11111111110101101011000001010110
11111111110101110010101000110110
11111111110101111110111010110010
11111111110110000110111110011010
11111111110110010011000101010000
11111111110110011100100100100110
11111111110110101000011111000110
11111111110110110010011110110010
11111111110110111111100011100000
11111111110111001001101110010010
11111111110111010110001111001110
11111111110111100010010001110110
11111111110111101111010100001110
11111111110111111010011010001110
11111111111000001000011010000000
11111111111000010101010000101010
11111111111000100010001100001010
11111111111000101111001100010110
11111111111000111110000000001010
11111111111001001010110001110100
11111111111001011000110011011110
11111111111001100111100010110000
11111111111001110101111001010110
11111111111010000011010001110000
11111111111010010011000111000010
11111111111010100010001000011100
11111111111010110000000011100010
11111111111010111111001011010110
11111111111011001111111000101110
11111111111011011110010011110110
11111111111011101101000010110100
11111111111011111101101101000100
11111111111100001101111110110010
11111111111100011100100000110010
11111111111100101100101000100000
11111111111100111101011110111100
11111111111101001101010011111010
11111111111101011100111100110110
11111111111101101101101000000010
11111111111101111101111010011000
11111111111110001110010000001010
11111111111110011110110100110010
11111111111110101110111101001000
11111111111110111111001001100010
11111111111111010000011111101100
11111111111111100000111110000100
11111111111111110000010111101100
00000000000000000001010000001010
00000000000000010011000011101100
00000000000000100010101000111000
00000000000000110001111101101010
00000000000001000011101011011010
00000000000001010100111010100010
00000000000001100011101010001000
00000000000001110011101000101000
00000000000010000101011101011010
00000000000010010101011011100110
00000000000010100100000111111010
00000000000010110100110001001110
00000000000011000101100011110000
00000000000011010100100001111000
00000000000011100011111011111110
00000000000011110100010001011100
00000000000100000011011101101000
00000000000100010010011110100100
00000000000100100010010100010100
00000000000100110001000110101110
00000000000100111111010111001110
00000000000101001111000100001110
00000000000101011110000000010100
00000000000101101011000011111100
00000000000101111001100111101010
00000000000110001001010001101100
00000000000110010110001011000000
00000000000110100010100110010100
00000000000110110001110010000010
00000000000110111111110110101010
00000000000111001010111111111100
00000000000111010111111110101110
00000000000111100110101000000100
00000000000111110010010100001100
00000000000111111101000101100100
00000000001000001010011101100000
00000000001000010111000110011010
00000000001000100001001101001000
00000000001000101100011010011110
00000000001000111000110000110010
00000000001001000011001111010000
00000000001001001101000011011000
00000000001001010111111110100110
00000000001001100010010111111010
00000000001001101011110000001110
00000000001001110101010110010010
00000000001001111110110101001010
00000000001010000111110011011000
00000000001010010000101100001000
00000000001010011001000111001100
00000000001010100001001001111000
00000000001010101001011111011110
00000000001010110001001111011010
00000000001010111000001000010110
00000000001010111111100100001000
00000000001011000110111101000110
00000000001011001100111100001110
00000000001011010011000011011110
00000000001011011001111100100100
00000000001011011111100010100010
00000000001011100100010010110000
00000000001011101010001000000010
00000000001011101111100100110010
00000000001011110011100000110100
00000000001011110111111000111110
00000000001011111100101111011100
00000000001100000000011010010010
00000000001100000011101100001000
00000000001100000111011001010100
00000000001100001010100110001010
00000000001100001101010110111000
00000000001100010000000101000110
00000000001100010010010011110000
00000000001100010100100000000100
00000000001100010110110000100110
00000000001100011000000100000010
00000000001100011001001110101110
00000000001100011011000110101110
00000000001100011100000000000100
00000000001100011100000011000010
00000000001100011101001001110100
00000000001100011101111110101000
00000000001100011101001110000010
00000000001100011101001101111000
00000000001100011100000100011100
00000000001100100001010101001010
00000000001100001110110101010000
00000000001010000000011001110010
00000000001001111010101111110000
00000000001101010111000111111110
00000000001001001100000101001100
00000000000110000110000101001010
00000000001101100111000100010010
00000000001101001000111100001010
00000000000010110001101100110100
00000000000101111110000101011100
00000000001111101100111001010010
00000000000101000111110000111000
00000000000100101110111100111010
00000000000110110000001011101100
00000000000001111010001011000100
00000000001011110001000000100000
00000000001110001001010110111110
11111111101100101000000010101010
11111111111111110000111100111000
00000000110000000101111101100010
11111111110011010111011100010110
11111111001001001111010110101010
00000000110100100011011100001010
00000000111000010100011000000000
11111110101011110000011011100010
11111111100110011100000010100110
00000001110000110001110110111110
11111111110000001010000011111110
11111110001110111101010010010010
00000000111101011011111001100100
00000001010110111111001001110100
11111110011111010010010001101010
11111111001111111111001110000010
00000001100010001101111101111000
11111111111110110110111101111100
11111110100111001100101111011010
00000000011000110111001000110100
00000000110001001111101011100000
11111111010100111101101110100100
11111111100011101111011001001110
00000000011010100110111011110100
11111111111100111000101111111110
11111111101001111110110001101100
11111111111101010000011110010000
11111111111011110000000011001010
11111111110111010100001001110010
11111111111011001110110010111000
11111111110011011110010010000000
11111111110010111011100101001110
11111111111101111110111111110000
11111111110110001100011110110000
11111111101110111010101101000100
11111111110111100011011011100110
11111111111000010001010000111000
11111111110010110111111010000100
11111111110010110101001010110000
11111111110111000001000101101000
11111111110010111101111110001100
11111111110010111111101010000000
11111111110010101011011000010110
11111111110011010101000111001000
11111111110010101111101000001110
11111111110011010110000100011000
11111111110010110101001111011100
11111111110011010110111000000110
11111111110010111101000000101000
11111111110011011000111001011110
11111111110011000100000001011000
11111111110011011100111001000110
11111111110011001100011100001000
11111111110011100001101010010000
11111111110011010101001010101110
11111111110011101000001000111100
11111111110011011110110110101110
11111111110011101111110011000110
11111111110011101001001101011000
11111111110011111000100111101000
11111111110011110100110100010110
11111111110100000010110111100100
11111111110100000000101010010100
11111111110100001110010011001000
11111111110100001110100000101110
11111111110100011010100101000100
11111111110100011100000101011110
11111111110100101001000010110110
11111111110100101011110101001000
11111111110100110110111011010010
11111111110100111011111100110110
11111111110101001000010101001100
11111111110101001100110001101110
11111111110101011000010011110110
11111111110101100000000110011100
11111111110101101011011111110100
11111111110101110001111011101100
11111111110101111110101110110000
11111111110110000111110001101010
11111111110110010010101010000100
11111111110110011011110100110010
11111111110110101001010001111000
11111111110110110010101011110000
11111111110110111110011011111100
11111111110111001001111111001010
11111111110111010111000111011110
11111111110111100001011010000100
11111111110111101110101111110100
11111111110111111011011001111110
11111111111000001000010011111010
11111111111000010100010010010100
11111111111000100010101000010010
11111111111000101111101001111000
11111111111000111101010000010110
11111111111001001010101111011110
11111111111001011001010010010000
11111111111001100111000000100010
11111111111001110101110000100110
11111111111010000011111000001100
11111111111010010010100010110010
11111111111010100001100011111000
11111111111010110001000000111100
11111111111010111111001001111100
11111111111011001110100010110010
11111111111011011110110011111000
11111111111011101110001010001110
11111111111011111100100000001100
11111111111100001101000110110110
11111111111100011101110111010110
11111111111100101100110011011100
11111111111100111100000000000110
11111111111101001101100000000110
11111111111101011101111111011010
11111111111101101100111110110010
11111111111101111101001010101110
11111111111110001110110010101100
11111111111110011111000001010010
11111111111110101110011100011110
11111111111110111111000100100010
11111111111111010000100101110010
11111111111111100000110100001110
11111111111111110000010101101010
00000000000000000001001101001100
00000000000000010010110011110000
00000000000000100010100101110000
00000000000000110010000101010100
00000000000001000011100011110000
00000000000001010100101001101010
00000000000001100011100100000010
00000000000001110011110010001010
00000000000010000101011110110100
00000000000010010101000010010010
00000000000010100011111010011110
00000000000010110101001001010010
00000000000011000101100110101110
00000000000011010011111001111000
00000000000011100011110100010100
00000000000011110100110011100000
00000000000100000011010111011000
00000000000100010001110000110010
00000000000100100010010001010110
00000000000100110001101101101000
00000000000100111111010001001000
00000000000101001110001100100110
00000000000101011110000001010000
00000000000101101011111111010100
00000000000101111001010010011010
00000000000110001000000010010100
00000000000110010110101110011110
00000000000110100011110000110110
00000000000110110000100111111110
00000000000110111110101110110010
00000000000111001100011101101100
00000000000111011000100001010000
00000000000111100100101110111110
00000000000111110010001110101110
00000000000111111110110110100010
00000000001000001001110010101100
00000000001000010101011110001100
00000000001000100010001100000110
00000000001000101101011100100100
00000000001000110111011100111000
00000000001001000010100101110110
00000000001001001110001100010110
00000000001001011000000110101110
00000000001001100001010011010100
00000000001001101011101101101110
00000000001001110110000100011000
00000000001001111110101100011010
00000000001010000111000111001010
00000000001010010000101011110100
00000000001010011001101010010110
00000000001010100001000010000100
00000000001010101000110010011110
00000000001010110001010111101100
00000000001010111000110001011100
00000000001010111111001001000110
00000000001011000110010000111000
00000000001011001101011111001110
00000000001011010011011101011010
00000000001011011001001001101000
00000000001011011111010011000100
00000000001011100100111111110000
00000000001011101010000000101100
00000000001011101110111000100100
00000000001011110011101011001000
00000000001011111000010010011100
00000000001011111100100000010010
00000000001100000000000011110010
00000000001100000011101110001010
00000000001100000111101100000100
00000000001100001010101000010110
00000000001100001100110100001100
00000000001100001111111110011000
00000000001100010011000001100010
00000000001100010100010100000010
00000000001100010101110001111100
00000000001100011000100100001110
00000000001100011010000101101110
00000000001100011010000101100100
00000000001100011011011010010000
00000000001100011101010011000010
00000000001100011101001000111000
00000000001100011100100111011100
00000000001100011101101111110010
00000000001100011110001110101110
00000000001100011011000010100000
00000000001100100000101111111110
00000000001100001111111110101100
00000000001010000000010111010010
00000000001001111001100111111000
00000000001101010111100100101110
00000000001001001100110110101110
00000000000110000101010010001110
00000000001101100110100111000100
00000000001101001001110010100010
00000000000010110001101110011000
00000000000101111101010000000000
00000000001111101101000111111110
00000000000101001000011000000110
00000000000100101110011110111010
00000000000110101111110000101010
00000000000001111010101010000000
00000000001011110001001000101000
00000000001110001000111011000000
11111111101100101000000010001100
11111111111111110001001010001010
00000000110000000101110111110000
11111111110011010111011000100110
11111111001001001111010010111010
00000000110100100011010101010010
00000000111000010100100100110100
11111110101011110000011110101010
11111111100110011011100111100100
00000001110000110001111001001010
11111111110000001010100001100000
11111110001110111101000010100000
00000000111101011011011100010110
00000001010110111111100000111100
11111110011111010010100101010110
11111111001111111110101111111000
00000001100010001101110000001000
11111111111110110111011001100110
11111110100111001100110010110110
00000000011000110110101011110000
00000000110001001111101011110100
11111111010100111110000111011010
11111111100011101111001110011100
00000000011010100110100011010010
11111111111100111001000000000100
11111111101001111111000000000100
11111111111101010000000000101110
11111111111011101111111100010010
11111111110111010100100111010100
11111111111011001110100101001000
11111111110011011101110000000110
11111111110010111011111101111010
11111111111101111111010100011000
11111111110110001011110100011010
11111111101110111010011111110010
11111111110111100100000110011010
11111111111000010001001001101100
11111111110010110111001010010000
11111111110010110101011001110000
11111111110111000001101010111110
11111111110010111101011111101110
11111111110010111111001000000110
11111111110010101011110110110100
11111111110011010101011001111000
11111111110010101111000000110110
11111111110011010101110100010010
11111111110010110101101101011100
11111111110011010110111001001100
11111111110010111100011101101000
11111111110011011000110101100100
11111111110011000100011001001000
11111111110011011100110001100110
11111111110011001011111111001110
11111111110011100001101010111000
11111111110011010101011110011010
11111111110011101000000000010110
11111111110011011110011011101100
11111111110011101111110100100000
11111111110011101001100010011110
11111111110011111000011101110010
11111111110011110100010001001100
11111111110100000010111110011100
11111111110100000001001101111100
11111111110100001101111001001100
11111111110100001101101110100100
11111111110100011011001011000010
11111111110100011100101100101100
11111111110100100111111010111110
11111111110100101011010110100000
11111111110100111000010001100010
11111111110100111011110001110000
11111111110101000110101110000100
11111111110101001101011101110010
11111111110101011001100100011110
11111111110101011110101010111000
11111111110101101010101000100000
11111111110101110011100011110000
11111111110101111110101110110000
11111111110110000110000011000010
11111111110110010011001101000100
11111111110110011101000011101100
11111111110110101000001010110010
11111111110110110001111000110100
11111111110110111111100001101000
11111111110111001010000111001000
11111111110111010110000100111010
11111111110111100001100000001010
11111111110111101111010100110110
11111111110111111011000100101110
11111111111000000111111100001010
11111111111000010100010110011000
11111111111000100010101011111000
11111111111000101111101110010000
11111111111000111101000101000110
11111111111001001010010010011010
11111111111001011001100010010110
11111111111001100111011111011110
11111111111001110101000011010010
11111111111010000011010100010000
11111111111010010011011110010100
11111111111010100001110000011000
11111111111010101111101101110100
11111111111010111111001110011110
11111111111011001111101111001100
11111111111011011110001100101010
11111111111011101101000010101010
11111111111011111101010011111010
11111111111100001101110000100100
11111111111100011100110111001000
11111111111100101100011010011100
11111111111100111100110000101100
11111111111101001101100011001110
11111111111101011101010111010000
11111111111101101100110100111100
11111111111101111101011101001010
11111111111110001110111110011010
11111111111110011110101000110000
11111111111110101101111011111110
11111111111110111111100000000010
11111111111111010001000011101000
11111111111111011111111110101000
11111111111111101111111010111100
00000000000000000010001010001000
00000000000000010010110000111100
00000000000000100001011111010010
00000000000000110010011010011010
00000000000001000100010011010000
00000000000001010011111010000000
00000000000001100011000111010010
00000000000001110100011010101000
00000000000010000101011000010000
00000000000010010100100000001110
00000000000010100100001000011000
00000000000010110101001000111110
00000000000011000101010000011000
00000000000011010100001000100100
00000000000011100011110010001000
00000000000011110100010000001100
00000000000100000011100111011110
00000000000100010010001001010100
00000000000100100001100100100000
00000000000100110001011001110010
00000000000100111111111110111010
00000000000101001110000101111000
00000000000101011101001001011110
00000000000101101100001011000010
00000000000101111001111010100100
00000000000110000111100101010000
00000000000110010110000110000000
00000000000110100100000111111110
00000000000110110001000001100110
00000000000110111110010000000000
00000000000111001100000000001010
00000000000111011000110110111110
00000000000111100101000001000110
00000000000111110001110010111010
00000000000111111110011110001010
00000000001000001010000011111000
00000000001000010101101101101010
00000000001000100001110110100010
00000000001000101101000011111000
00000000001000110111100111001100
00000000001001000010111010111100
00000000001001001101111010000100
00000000001001010111100100001100
00000000001001100001100100100000
00000000001001101100001100000010
00000000001001110101100010001010
00000000001001111110001010110100
00000000001010000111101101011100
00000000001010010000111010100000
00000000001010011000110111111000
00000000001010100000111111010000
00000000001010101001011001000100
00000000001010110001000010001000
00000000001010111000010100100010
00000000001010111111100001001010
00000000001011000110010011000100
00000000001011001101000100110100
00000000001011010011100111011010
00000000001011011001001110010100
00000000001011011110111101000010
00000000001011100101001000001100
00000000001011101010001000000010
00000000001011101110100000101010
00000000001011110011110010000000
00000000001011111000100001111010
00000000001011111100000001010110
00000000001100000000000011101000
00000000001100000100010000100010
00000000001100000111001100000010
00000000001100001010001010000010
00000000001100001101101001000000
00000000001100010000000001001100
00000000001100010001111100111100
00000000001100010100101010110110
00000000001100010110101111110100
00000000001100010111110000010110
00000000001100011001010100001100
00000000001100011011000110100100
00000000001100011011110011000110
00000000001100011100001011111100
00000000001100011101000010011110
00000000001100011101100111101010
00000000001100011101100100011000
00000000001100011101011000010110
00000000001100011011010101100100
00000000001100100001010101001010
00000000001100001111100111000110
00000000001001111111111111000100
00000000001001111001110111101010
00000000001101010111101101101000
00000000001001001100110000011110
00000000000110000101001011110100
00000000001101100110011011000010
00000000001101001001111011001000
00000000000010110010000110110000
00000000000101111100110110101100
00000000001111101100100111011110
00000000000101001001000011101100
00000000000100101110110110001100
00000000000110101110110000110000
00000000000001111010100010010110
00000000001011110010001111111000
00000000001110001000100110101100
11111111101100100110111100100000
11111111111111110001110100010110
00000000110000000110101010101100
11111111110011010110011101000100
11111111001001001110110100110000
00000000110100100100010010000100
00000000111000010100101010010010
11111110101011101111100111110100
11111111100110011011101111110110
00000001110000110010011110111110
11111111110000001010010001000110
11111110001110111100100111110010
00000000111101011011100110010110
00000001010110111111101111001010
11111110011111010010100000001100
11111111001111111110011111111100
00000001100010001101101010001100
11111111111110110111101100000010
11111110100111001100111000101000
00000000011000110110001101100110
00000000110001001111100110111110
11111111010100111110101010000110
11111111100011101111000111000110
00000000011010100101111100001110
11111111111100111001010000011110
11111111101001111111011111001010
11111111111101001111100100110000
11111111111011101111100100011000
11111111110111010101000011100110
11111111111011001110101111100110
11111111110011011101010100011100
11111111110010111011110110101110
11111111111101111111100110000010
11111111110110001011110111110110
11111111101110111010010000010100
11111111110111100011111011110010
11111111111000010001010110001100
11111111110010110111010110001000
11111111110010110101000100010110
11111111110111000001011001111100
11111111110010111101111010100110
11111111110010111111010000100010
11111111110010101011010001011110
11111111110011010101010111001110
11111111110010101111100101101110
11111111110011010101101000000110
11111111110010110101001000000110
11111111110011010111001010101100
11111111110010111100111001110000
11111111110011011000011100000110
11111111110011000011111111000010
11111111110011011101001000000110
11111111110011001100010010010010
11111111110011100001010000010100
11111111110011010101000111100110
11111111110011101000010111011110
11111111110011011110101110110000
11111111110011101111010100111100
11111111110011101001001011000010
11111111110011111000111100111000
11111111110011110100100001111010
11111111110100000010010110001000
11111111110100000000111011000010
11111111110100001110011111001010
11111111110100001101111000000110
11111111110100011010011100111100
11111111110100011100100010101100
11111111110100101000100110111000
11111111110100101011010100010100
11111111110100110111011110010010
11111111110100111011111000010100
11111111110101000111011010110000
11111111110101001101000110111110
11111111110101011000111001000010
11111111110101011111000101010010
11111111110101101011000001111110
11111111110101110010111111000010
11111111110101111110011010111010
11111111110110000110011110001110
11111111110110010011010000010110
11111111110110011100100110001010
11111111110110101000000001101110
11111111110110110010001010010100
11111111110110111111100101011000
11111111110111001001101100010000
11111111110111010101111000000110
11111111110111100001111011100000
11111111110111101111010101101000
11111111110111111010010111011010
11111111111000000111111110101010
11111111111000010101000000011010
11111111111000100010010000101100
11111111111000101110111101110100
11111111111000111101100110000100
11111111111001001010101111011110
11111111111001011000101100111010
11111111111001100111000101100010
11111111111001110101110010011110
11111111111010000011011000011110
11111111111010010010100100101010
11111111111010100001101011101100
11111111111010110000011011010010
11111111111010111111000000100100
11111111111011001110111001011100
11111111111011011110010111100110
11111111111011101101101000101000
11111111111011111100110110011000
11111111111100001101000101010010
11111111111100011101001100011000
11111111111100101100110001101110
11111111111100111100010000100000
11111111111101001101000101110110
11111111111101011101100101111100
11111111111101101101000111011000
11111111111101111101000110110100
11111111111110001110011011010000
11111111111110011110110011101100
11111111111110101110011100011110
11111111111110111111000000101000
11111111111111010000010001010100
11111111111111100000011111100110
11111111111111110000011101111100
00000000000000000001001110010010
00000000000000010010001011110000
00000000000000100010011001100100
00000000000000110010100010011000
00000000000001000011001010100110
00000000000001010011110111001100
00000000000001100011111110100110
00000000000001110100000010011010
00000000000010000100100000010100
00000000000010010100110110011010
00000000000010100100100110000100
00000000000010110100100100101110
00000000000011000100110101001100
00000000000011010100011110011100
00000000000011100011110100111100
00000000000011110011110111010110
00000000000100000011100001001110
00000000000100010010001100111010
00000000000100100001011111000010
00000000000100110001010111001000
00000000000100111111110110010100
00000000000101001101110101101000
00000000000101011101010000001100
00000000000101101100010100011010
00000000000101111001011110100110
00000000000110000111010011001000
00000000000110010110100001101010
00000000000110100100000111010110
00000000000110110000010011111110
00000000000110111110010010000010
00000000000111001100100101000010
00000000000111011000011011001010
00000000000111100100011010000010
00000000000111110010010010110010
00000000000111111110101011100110
00000000001000001001010100110110
00000000001000010101101101001100
00000000001000100010010110011010
00000000001000101100100101100100
00000000001000110111010011001100
00000000001001000011011100000100
00000000001001001101101001111110
00000000001001010110111111001010
00000000001001100010000101111100
00000000001001101100010100111100
00000000001001110100101010000100
00000000001001111110010100101010
00000000001010001000011010110000
00000000001010010000010010001100
00000000001010011000010010101100
00000000001010100001101010001110
00000000001010101001100011000100
00000000001010110000010011100100
00000000001010111000010000111100
00000000001010111111111101011100
00000000001011000110001100000010
00000000001011001100101101000100
00000000001011010011100100001000
00000000001011011001011011110000
00000000001011011111000000101000
00000000001011100100110011111000
00000000001011101001111110100000
00000000001011101110110010000000
00000000001011110011110001100010
00000000001011111000001100110100
00000000001011111100000010110000
00000000001100000000001011111010
00000000001100000100000111001010
00000000001100000111001001101100
00000000001100001010001001101110
00000000001100001101011100101010
00000000001100010000000110101010
00000000001100010010000110011110
00000000001100010100010101001000
00000000001100010110100110001000
00000000001100011000000111110010
00000000001100011001001111000010
00000000001100011010101010110000
00000000001100011011111101111000
00000000001100011100011011010000
00000000001100011100101101110110
00000000001100011101100000110010
00000000001100011101110010010010
00000000001100011101001110010110
00000000001100011011010001010110
00000000001100100001011010001010
00000000001100001111111101100110
00000000001010000001001101000010
00000000001001111000011010001110
00000000001101010111011100011100
00000000001001001111110100100100
00000000000110000011011100111000
00000000001101100011100111100000
00000000001101001101010001110100
00000000000010110101110101101010
00000000000101110110000001101010
00000000001111101110111110011010
00000000000101001011111111111110
00000000000100101100011100001000
00000000000110110001100011110100
00000000000001111011000010101100
00000000001011100111011011011000
00000000001110010101000001100010
11111111101100110100011010101100
11111111111111010001110110010000
00000000110000000100010011001000
11111111110100001001011110101100
11111111001000110111100000010000
00000000110011101010110001111010
00000000111001001111001001000110
11111110101100011011111110101110
11111111100101000010000101101110
00000001110000101000100111100100
11111111110001110001110010000110
11111110001110011011110111000100
00000000111011111111010010100010
00000001011000000111101110010110
11111110100000001101010111011000
11111111001110100101111111101110
00000001100001111011110100101000
00000000000000001011010111110100
11111110100110111011001111100100
00000000010111111100000000110000
00000000110001110001111101111000
11111111010101011100000011000010
11111111100011001101010000001110
00000000011010100000111010000010
11111111111101001110000001001110
11111111101001111010011100001100
11111111111101001001101011010000
11111111111011110100011010110110
11111111110111010010111111101110
11111111111011001110110100111010
11111111110011100010110000100100
11111111110010110111000000101110
11111111111101111101001110110010
11111111110110010010001110111000
11111111101110111001010101100100
11111111110111100001000100001100
11111111111000010001110101011100
11111111110010111001111101001010
11111111110010110011001001000100
11111111110111000010011000001000
11111111110010111101011011101010
11111111110010111111111110101000
11111111110010101011101111110010
11111111110011010101000111011100
11111111110010101110010101100100
11111111110011010110101111001100
11111111110010110101010111000110
11111111110011010110100001110000
11111111110010111100010011000000
11111111110011011001011111110000
11111111110011000011110100010000
11111111110011011100011111101000
11111111110011001100001000001000
11111111110011100010000100000010
11111111110011010100110000000000
11111111110011100111110101111000
11111111110011011110110101011110
11111111110011101111111010010010
11111111110011101000101001110000
11111111110011111000100111000000
11111111110011110100110101011100
11111111110100000010100100000010
11111111110100000000010111100100
11111111110100001110100010100110
11111111110100001110000011000010
11111111110100011010001101101000
11111111110100011100011001111100
11111111110100101000110111111010
11111111110100101010111011110010
11111111110100110111010010000110
11111111110100111100010100100110
11111111110101000111010001101100
11111111110101001100010111010100
11111111110101011001010001011010
11111111110101011111100100110110
11111111110101101010010100001100
11111111110101110010100001000010
11111111110101111111001101000100
11111111110110000110100001111110
11111111110110010010010111000000
11111111110110011100100111101110
11111111110110101000110010010100
11111111110110110001110001000000
11111111110110111110110100101000
11111111110111001010001001101000
11111111110111010110010110010000
11111111110111100001000111011110
11111111110111101111000010010000
11111111110111111011001100001110
11111111111000000111110000001000
11111111111000010100000011000000
11111111111000100010110100101000
11111111111000101111100011110010
11111111111000111100100001011110
11111111111001001010011100011010
11111111111001011001110101011010
11111111111001100110101101111100
11111111111001110100100111110010
11111111111010000100000011110000
11111111111010010011010100000000
11111111111010100000101000000010
11111111111010101111111110000100
11111111111010111111111100100100
11111111111011001110111000110100
11111111111011011101011100001110
11111111111011101101101110101110
11111111111011111101011011111000
11111111111100001100110011001010
11111111111100011100101010101000
11111111111100101100111011011010
11111111111100111100100010010100
11111111111101001100110101100110
11111111111101011101010010010000
11111111111101101101001101101000
11111111111101111101001110001010
11111111111110001110001111000100
11111111111110011110101010000000
11111111111110101110011100010100
11111111111110111110111111001110
11111111111111010000010000001110
11111111111111100000011001010110
11111111111111110000010001111010
00000000000000000001010001011010
00000000000000010010010010011110
00000000000000100010000111001000
00000000000000110010011001010100
00000000000001000011011011101000
00000000000001010011101110100110
00000000000001100011100111011110
00000000000001110100010001111000
00000000000010000100100100110110
00000000000010010100010110001110
00000000000010100100101110100000
00000000000010110100111011001110
00000000000011000100001111011000
00000000000011010100010000110110
00000000000011100100100010011010
00000000000011110011100010011010
00000000000100000010101101010110
00000000000100010010110110001010
00000000000100100001111001011100
00000000000100110000010011110010
00000000000100111111110001010100
00000000000101001110110011100000
00000000000101011100110010100000
00000000000101101011011101000110
00000000000101111010000111001110
00000000000110000111101101110110
00000000000110010101101011111010
00000000000110100011111001111010
00000000000110110000111110110010
00000000000110111110001001001000
00000000000111001011111000101010
00000000000111011000100111111110
00000000000111100100110111100100
00000000000111110001110011001110
00000000000111111110010001001100
00000000001000001001111001101110
00000000001000010101101110111010
00000000001000100001100011110010
00000000001000101100110110111010
00000000001000110111111000110110
00000000001001000010100111100100
00000000001001001101010011010100
00000000001001010111111101111110
00000000001001100001110011001100
00000000001001101011010010100010
00000000001001110101011000110010
00000000001001111110111001100010
00000000001010000111010001010100
00000000001010010000001001100110
00000000001010011001010100101000
00000000001010100001001101011110
00000000001010101000101111001100
00000000001010110000111011000110
00000000001010111000100011101100
00000000001010111111010000111010
00000000001011000110001001100010
00000000001011001101000100110100
00000000001011010011010101111010
00000000001011011001001110110010
00000000001011011111000110100100
00000000001011100100101101010100
00000000001011101001111011000100
00000000001011101110110111101000
00000000001011110011100100101110
00000000001011111000000011100110
00000000001011111100010010000100
00000000001100000000001010001100
00000000001100000011101110101000
00000000001100000111001101010010
00000000001100001010011100111100
00000000001100001101001100101110
00000000001100001111110001101110
00000000001100010010010111010110
00000000001100010100011111110000
00000000001100010110001101010010
00000000001100010111111111110100
00000000001100011001100011101010
00000000001100011010100111110010
00000000001100011011100111110110
00000000001100011100011110100010
00000000001100011100111010111110
00000000001100011101011000000010
00000000001100011101100101101000
00000000001100011101010001011110
00000000001100011011011000000100
00000000001100100001010110111000
00000000001100001111110000110010
00000000001010000001001001011100
00000000001001111000101000011100
00000000001101010111011100111010
00000000001001001111011011100100
00000000000110000011011100100100
00000000001101100100000100011010
00000000001101001101000110111000
00000000000010110101010001111000
00000000000101110110010010100010
00000000001111101111011101101010
00000000000101001011100001100000
00000000000100101011111101100000
00000000000110110010000100111100
00000000000001111011010110000100
00000000001011100110110101111000
00000000001110010100110001010010
11111111101100110100111000110110
11111111111111010001111111101000
00000000110000000011110110100010
11111111110100001001001101110100
11111111001000110111110011010100
00000000110011101011000111111100
00000000111001001110110000101110
11111110101100011011011000011100
11111111100101000010100100000010
00000001110000101001010010110110
11111111110001110000111100111110
11111110001110011011001000001100
00000000111100000000011001111100
00000001011000001000001011101110
11111110100000001011111010101110
11111111001110100101111010000110
00000001100001111101010000110100
00000000000000001010111001010110
11111110100110111001111111111000
00000000010111111100110110101010
00000000110001110010101001011110
11111111010101011011000001010000
11111111100011001101001010010010
00000000011010100001101000111010
11111111111101001101100001111110
11111111101001111010001101001100
11111111111101001010010100010110
11111111111011110011111010110100
11111111110111010010100000001010
11111111111011001111110100110100
11111111110011100010101001110110
11111111110010110101101111101000
11111111111101111101111011111100
11111111110110010011010000000010
11111111101110111000000011011000
11111111110111100000100001000010
11111111111000010011010001101000
11111111110010111001110101000010
11111111110010110001110100011000
11111111110111000010111101010100
11111111110010111110010000011110
11111111110010111111000101110000
11111111110010101011011000110100
11111111110011010101110111111000
11111111110010101110001100001100
11111111110011010110001100110100
11111111110010110101101010111100
11111111110011010110101001101110
11111111110010111011111011111000
11111111110011011001100110011110
11111111110011000011111100100010
11111111110011011100001101111110
11111111110011001100001100001100
11111111110011100010010000001110
11111111110011010100011101101110
11111111110011100111110001101010
11111111110011011111001000101100
11111111110011101111101111000010
11111111110011101000010111001010
11111111110011111000110111100100
11111111110011110100111010011100
11111111110100000010001110101000
11111111110100000000011000101010
11111111110100001110101110101000
11111111110100001101111010110000
11111111110100011010001001111000
11111111110100011100011011000010
11111111110100101000101111011110
11111111110100101011000101110010
11111111110100110111011000110100
11111111110100111011110101101010
11111111110101000111010011011010
11111111110101001101000000010000
11111111110101011000110101010010
11111111110101011110111000010100
11111111110101101011000111011100
11111111110101110010111000101000
11111111110101111110000010110110
11111111110110000110100110100000
11111111110110010011011101110010
11111111110110011011111011110100
11111111110110100111111010100010
11111111110110110010110010001010
11111111110110111111000101110100
11111111110111001000111100010010
11111111110111010110100101000110
11111111110111100010000011011110
11111111110111101110010010100110
11111111110111111010100001000110
11111111111000001000100101100100
11111111111000010100010000110000
11111111111000100001111010110100
11111111111000101111011110110010
11111111111000111101001101110110
11111111111001001010010110101000
11111111111001011001000111101000
11111111111001100110101100100010
11111111111001110101010001100000
11111111111010000011111111001110
11111111111010010010011011011100
11111111111010100000101010110110
11111111111010110000110110110010
11111111111010111111100110100010
11111111111011001101110111001100
11111111111011011101111010011000
11111111111011101110100001111110
11111111111011111100101000011110
11111111111100001100000110010100
11111111111100011101011011011000
11111111111100101101001100010010
11111111111100111011101011001010
11111111111101001100101110000110
11111111111101011101110100001010
11111111111101101100111111101110
11111111111101111100110100001110
11111111111110001110010110011010
11111111111110011110100111000010
11111111111110101110010001001110
11111111111110111111000101010100
11111111111111010000000010011110
11111111111111100000000110010010
11111111111111110000100011000110
00000000000000000001010000110010
00000000000000010001101101001000
00000000000000100010001100011100
00000000000000110010101110011010
00000000000001000010111001101110
00000000000001010011011100111100
00000000000001100100000100011000
00000000000001110100000000001110
00000000000010000100000001101100
00000000000010010100101110100110
00000000000010100100110011110100
00000000000010110100001101111010
00000000000011000100010010001100
00000000000011010100101101011100
00000000000011100100000011111100
00000000000011110011000101001100
00000000000100000011000010100110
00000000000100010010111011000000
00000000000100100001011100001110
00000000000100110000000101011010
00000000000100111111111010100010
00000000000101001110111001011100
00000000000101011100011100010100
00000000000101101011000001100110
00000000000101111010011001010110
00000000000110000111111110000110
00000000000110010100111110100110
00000000000110100011100100111110
00000000000110110001101010100010
00000000000110111101111110010110
00000000000111001011000000011010
00000000000111011000111001110010
00000000000111100101010101011010
00000000000111110001000110110110
00000000000111111101111010011000
00000000001000001010010110101000
00000000001000010101100100010010
00000000001000100001000101110010
00000000001000101100111101111100
00000000001000110111110111010010
00000000001001000010010110100010
00000000001001001101010110011100
00000000001001010111110101101100
00000000001001100001011100011000
00000000001001101011011010100000
00000000001001110101011111101010
00000000001001111110011000101110
00000000001010000111000100010110
00000000001010010000100010100110
00000000001010011001001010001010
00000000001010100000100100110110
00000000001010101000110011101110
00000000001010110001010011110010
00000000001010111000001000100000
00000000001010111110110000111000
00000000001011000110011100111010
00000000001011001101001110000010
00000000001011010010110011001110
00000000001011011001000100010100
00000000001011011111010100110010
00000000001011100100100000100000
00000000001011101001101100011000
00000000001011101110110111011110
00000000001011110011010110010110
00000000001011110111111111000100
00000000001011111100011010111110
00000000001011111111101110001110
00000000001100000011011011000110
00000000001100000111101010111110
00000000001100001010010001000100
00000000001100001100011010000110
00000000001100010000000100110010
00000000001100010010110001011100
00000000001100010011101010000000
00000000001100010101110111111000
00000000001100011000101011111000
00000000001100011001010000110000
00000000001100011001110001100100
00000000001100011011111100011110
00000000001100011100110100100100
00000000001100011100001101101010
00000000001100011100111111000010
