00000000000000000000000000000000
00000000000000000000000000000000
00000000000000000000000000000000
00000000000000000000000000000000
00000000000000000000000000000000
00000000000000000000000000000000
00000000000000000000000000000000
00000000000000000000000000000000
00000000000000000000000000000000
00000000000000000000000000000000
00000000000000000000000000000000
00000000000000000000000000000000
00000000000000000000000000000000
00000000000000000000000000000000
00000000000000000000000000000000
00000000000000000000000000000000
00000000000000000000000000000000
00000000000000000000000000000000
00000000000000000000000000000000
00000000000000000000000000000000
00000000000000000000000000000000
11111111111111111111111011110000
11111111111111111111101011110010
11111111111111111111011010011100
11111111111111111111010001110011
11111111111111111111001110100111
11111111111111111111000000001100
11111111111111111110100110110011
11111111111111111110001111110000
11111111111111111101110011001011
11111111111111111101010010000100
11111111111111111101001010000001
11111111111111111101011000000000
11111111111111111100011110101001
11111111111111111010001011011010
11111111111111111001001111100110
11111111111111111011001110000010
11111111111111111100010010010101
11111111111111111000100100100010
11111111111111110011111110000001
11111111111111110101010000110101
11111111111111111010000001111000
11111111111111111001001010110010
11111111111111110010000111000011
11111111111111101110101010010100
11111111111111110011000001110010
11111111111111110110110000011001
11111111111111110010111110001001
11111111111111101100111010001010
11111111111111101100011010100100
11111111111111101111110101000000
11111111111111110000110001101010
11111111111111101110000011010110
11111111111111101010110110000010
11111111111111101001011100111100
11111111111111101010010011110001
11111111111111101100001011001011
11111111111111101011111011110011
11111111111111101000100000010100
11111111111111100110000110001110
11111111111111101000001000011100
11111111111111101010100111001001
11111111111111101000101100001001
11111111111111100101010101010100
11111111111111100101111110011110
11111111111111101000011001010010
11111111111111100111011011000110
11111111111111100101000000111101
11111111111111100101111011000110
11111111111111101000000000010100
11111111111111100110010011110010
11111111111111100011011011101000
11111111111111100100111100110100
11111111111111101000011110101111
11111111111111100111100110100111
11111111111111100011110000110101
11111111111111100011110011011000
11111111111111100111110000110100
11111111111111101001001100010101
11111111111111100110100101010100
11111111111111100101001001100110
11111111111111100111011100100010
11111111111111101001110011110000
11111111111111101001011100100111
11111111111111101000011100011111
11111111111111101001010010011111
11111111111111101011010001111111
11111111111111101100011110111100
11111111111111101100111001001110
11111111111111101101100010100000
11111111111111101110101110010001
11111111111111110000000001110101
11111111111111110001010000001001
11111111111111110010101001100101
11111111111111110100000010111110
11111111111111110100111100111000
11111111111111110101101101110110
11111111111111110111110100110010
11111111111111111011000011101010
11111111111111111100010110100100
11111111111111111010101111111110
11111111111111111010110010110000
11111111111111111111111101001011
00000000000000000101010001101101
00000000000000000011111001110000
11111111111111111111011011101100
00000000000000000001101010100001
00000000000000001010001010101010
00000000000000001101110111101101
00000000000000001000111110110111
00000000000000000101100101000001
00000000000000001011000000101100
00000000000000010010010111110010
00000000000000010010011110001011
00000000000000001110010001100011
00000000000000001110011101100010
00000000000000010011011110000101
00000000000000010110111011010011
00000000000000010110100000011111
00000000000000010101101100101101
00000000000000010111001001011101
00000000000000011001011011011001
00000000000000011010111101011111
00000000000000011011110011001100
00000000000000011100101100011011
00000000000000011101110111011001
00000000000000011111000011110011
00000000000000100000000110110101
00000000000000100001001101100101
00000000000000100010110010110010
00000000000000100100000111000111
00000000000000100100010110100100
00000000000000100100101000001101
00000000000000100110101010111000
00000000000000101001011000110110
00000000000000101001110110000101
00000000000000101000011100111010
00000000000000101001001011111010
00000000000000101100101110101001
00000000000000101110110100010010
00000000000000101101010110100010
00000000000000101100001001101100
00000000000000101110101000111101
00000000000000110001111100010111
00000000000000110010001011001001
00000000000000110000100101000010
00000000000000110001001001110001
00000000000000110011101010100101
00000000000000110101000110010011
00000000000000110100101111010100
00000000000000110100101101110000
00000000000000110101110110100101
00000000000000110111000001011100
00000000000000110111011011111111
00000000000000110111110010111110
00000000000000111000011101100011
00000000000000111001000111100000
00000000000000111001100101010100
00000000000000111010000000100100
00000000000000111010100101001100
00000000000000111011000101111100
00000000000000111011100001100010
00000000000000111011110111000010
00000000000000111100001111000001
00000000000000111100101011100000
00000000000000111101000101110111
00000000000000111101011011100111
00000000000000111101101001010100
00000000000000111101111010101111
00000000000000111110001111001011
00000000000000111110100001100010
00000000000000111110101011110010
00000000000000111110110110100011
00000000000000111111000100011011
00000000000000111111010001111001
00000000000000111111011000010111
00000000000000111111011101100011
00000000000000111111100101101101
00000000000000111111101110110001
00000000000000111111110001110011
00000000000000111111110001100110
00000000000000111111110011001110
00000000000000111111110111101100
00000000000000111111111000111100
00000000000000111111110101101001
00000000000000111111110000101100
00000000000000111111101110001110
00000000000000111111101100110001
00000000000000111111101001010110
00000000000000111111100001101100
00000000000000111111001100011101
00000000000000111111100000110101
00000000000000111110010101111110
00000000000000101110001111010010
00000000000000100000010000011010
00000000000000110001001000011000
00000000000000111100110000001110
00000000000000111001101110101001
00000000000000011011000001011110
00000000000000100011011000011111
00000000000000100011000110111001
00000000000000010001110010101011
00000000000000100101010111001100
00000000000001101001110001110101
00000000000001000000011111011111
11111111111101111001000111010000
11111111111110000011111101110100
00000000000011010101111101001001
00000000000101010111100011000101
11111111111110001000010101011110
11111111111000001000101001001110
11111111111111001100110011100010
00000000001001101000001100110101
00000000000101000000111110001011
11111111110111010110010011110100
11111111110111000111011011101001
00000000000101011010100010000001
00000000001010110111000011101000
11111111111110101110110110110101
11111111110101100010010001111001
11111111111101000000000011100110
00000000000111100100100111010000
00000000000100100000110101101110
11111111111011100011011011011110
11111111111010110100011110000110
00000000000000110111110100110010
00000000000010110110011111011010
11111111111111110000011100001011
11111111111101110100111100000000
11111111111111000010101010010100
11111111111111110010001000111110
11111111111111011110100111010010
11111111111111010100100101100001
11111111111111011100001101001110
11111111111111010000001100000110
11111111111110110111100111110100
11111111111111001001111010111100
11111111111111010110111101000011
11111111111111010101001101000100
11111111111110111111110011000111
11111111111110111000110010010011
11111111111110111111011000111101
11111111111110111011011010101111
11111111111110111110111011010010
11111111111110111011101110110110
11111111111110111110101001111101
11111111111110111100001110000101
11111111111110111110101000001001
11111111111110111100011101011100
11111111111110111110100011101001
11111111111110111101000000001000
11111111111110111110110010101100
11111111111110111101010111110100
11111111111110111110111001101011
11111111111110111101111100101100
11111111111110111111010101110100
11111111111110111110100000100000
11111111111110111111101100100100
11111111111110111111001010011101
11111111111111000000010001010011
11111111111110111111110111101001
11111111111111000000111000101011
11111111111111000000101100010110
11111111111111000001100111011100
11111111111111000001100001000101
11111111111111000010011100001001
11111111111111000010100001110101
11111111111111000011010111000100
11111111111111000011011111010111
11111111111111000100010111110001
11111111111111000100101100011100
11111111111111000101011111110010
11111111111111000101110010110100
11111111111111000110101001111101
11111111111111000111001011101100
11111111111111001000000001101100
11111111111111001000011101111101
11111111111111001001010011010010
11111111111111001001111101110111
11111111111111001010111001000110
11111111111111001011100000100100
11111111111111001100010110011100
11111111111111001101000101101011
11111111111111001110000011111011
11111111111111001110110110000110
11111111111111001111110000101001
11111111111111010000100100111101
11111111111111010001100100100111
11111111111111010010011110000110
11111111111111010011011101110110
11111111111111010100011000001110
11111111111111010101011010011101
11111111111111010110011010000010
11111111111111010111011110100001
11111111111111011000011101111011
11111111111111011001100010000011
11111111111111011010100110100000
11111111111111011011110001000101
11111111111111011100110110110111
11111111111111011101111100001011
11111111111111011111000001111000
11111111111111100000010000100110
11111111111111100001011110100111
11111111111111100010101000011111
11111111111111100011101110010101
11111111111111100100111100101011
11111111111111100110001111111101
11111111111111100111100000111101
11111111111111101000101010101011
11111111111111101001110111111101
11111111111111101011001011010001
11111111111111101100100000001111
11111111111111101101110000000111
11111111111111101111000000010001
11111111111111110000010010111111
11111111111111110001100110111001
11111111111111110010111001100100
11111111111111110100001110111011
11111111111111110101100100100110
11111111111111110110110110100010
11111111111111111000000111001010
11111111111111111001011111000010
11111111111111111010111001111001
11111111111111111100001100111010
11111111111111111101011001111110
11111111111111111110101111110111
00000000000000000000001110000010
00000000000000000001100100101000
00000000000000000010110000000111
00000000000000000100000001100110
00000000000000000101011111001110
00000000000000000110111001010011
00000000000000001000000101110100
00000000000000001001010010111111
00000000000000001010101100011101
00000000000000001100000111010100
00000000000000001101010110010010
00000000000000001110100001100001
00000000000000001111110101101110
00000000000000010001001101101100
00000000000000010010011101100100
00000000000000010011101000100100
00000000000000010100111000101011
00000000000000010110001100000100
00000000000000010111011010010100
00000000000000011000100100100101
00000000000000011001110001011110
00000000000000011011000000010010
00000000000000011100001011101100
00000000000000011101010100001101
00000000000000011110011101011011
00000000000000011111100111000011
00000000000000100000101110110100
00000000000000100001110101011000
00000000000000100010111011011100
00000000000000100011111111110001
00000000000000100101000010010001
00000000000000100110000101000010
00000000000000100111000111110010
00000000000000101000001000000101
00000000000000101001000110000000
00000000000000101010000011101100
00000000000000101011000000111001
00000000000000101011111100000111
00000000000000101100110110100001
00000000000000101101110000111001
00000000000000101110101000011010
00000000000000101111011011111000
00000000000000110000001111111001
00000000000000110001000111010001
00000000000000110001111100110101
00000000000000110010101011000000
00000000000000110011010101101011
00000000000000110100000100011101
00000000000000110100110110101011
00000000000000110101100100101010
00000000000000110110001011000101
00000000000000110110101111010011
00000000000000110111010111001111
00000000000000111000000001101000
00000000000000111000101000010010
00000000000000111001001000110000
00000000000000111001100110101011
00000000000000111010000110100000
00000000000000111010101000001001
00000000000000111011001000000110
00000000000000111011100011011111
00000000000000111011111010110010
00000000000000111100010001100001
00000000000000111100101010111110
00000000000000111101000101101011
00000000000000111101011011011011
00000000000000111101101010001001
00000000000000111101111000101101
00000000000000111110001101010110
00000000000000111110100010101001
00000000000000111110101111000010
00000000000000111110110100111100
00000000000000111110111111110010
00000000000000111111010001001011
00000000000000111111011101101000
00000000000000111111011111011010
00000000000000111111100000011111
00000000000000111111101010000111
00000000000000111111110101100100
00000000000000111111110111001011
00000000000000111111110001010111
00000000000000111111110001000010
00000000000000111111111000001110
00000000000000111111111010111110
00000000000000111111110010111110
00000000000000111111101001111110
00000000000000111111101001100100
00000000000000111111101011001111
00000000000000111111100100010010
00000000000000111111001011011010
00000000000000111111011110111110
00000000000000111110010110001001
00000000000000101110001111110101
00000000000000100000001111011101
00000000000000110001000111110110
00000000000000111100110001010010
00000000000000111001101111010101
00000000000000011011000000000100
00000000000000100011010110101110
00000000000000100011000110111111
00000000000000010001110100100000
00000000000000100101011000001110
00000000000001101001101111111100
00000000000001000000011100011010
11111111111101111001000111011101
11111111111110000100000001110010
00000000000011010101111110101111
00000000000101010111011110100101
11111111111110001000010001010110
11111111111000001000101100100000
11111111111111001100111001001000
00000000001001101000001010111001
00000000000101000000110111011011
11111111110111010110010011100000
11111111110111000111100010001011
00000000000101011010100011111011
00000000001010110110111101101101
11111111111110101110110011010010
11111111110101100010010110001101
11111111111101000000000111011110
00000000000111100100100100001001
00000000000100100000110001110001
11111111111011100011011101010001
11111111111010110100100001001011
00000000000000110111110011000000
00000000000010110110011100100011
11111111111111110000011110000100
11111111111101110100111111000100
11111111111111000010100111111101
11111111111111110010000100100100
11111111111111011110101000110011
11111111111111010100101010110111
11111111111111011100001101000100
11111111111111010000000110000101
11111111111110110111100101100110
11111111111111001001111111110000
11111111111111010111000000100101
11111111111111010101001010001011
11111111111110111111101111011000
11111111111110111000110010111010
11111111111110111111011010101011
11111111111110111011011010100110
11111111111110111110111011110011
11111111111110111011110000000010
11111111111110111110100111101001
11111111111110111100001010000101
11111111111110111110101010000111
11111111111110111100100011110100
11111111111110111110100011010110
11111111111110111100111000010000
11111111111110111110110000000111
11111111111110111101011111000111
11111111111110111110111110011000
11111111111110111101110110111110
11111111111110111111001111110010
11111111111110111110100011101110
11111111111110111111110010010101
11111111111110111111001000111111
11111111111111000000001100010110
11111111111110111111110111100110
11111111111111000000111011111110
11111111111111000000101100101111
11111111111111000001100101000111
11111111111111000001100000011011
11111111111111000010011101001000
11111111111111000010100010000000
11111111111111000011010110011111
11111111111111000011011111010101
11111111111111000100010111100011
11111111111111000100101011100000
11111111111111000101011111100100
11111111111111000101110011111000
11111111111111000110101010001101
11111111111111000111001010000010
11111111111111001000000000010111
11111111111111001000011110111111
11111111111111001001010100111100
11111111111111001001111101001010
11111111111111001010110110110010
11111111111111001011011111110110
11111111111111001100011000001000
11111111111111001101000110110000
11111111111111001110000010010011
11111111111111001110110011110101
11111111111111001111110000111000
11111111111111010000100111000001
11111111111111010001100100111000
11111111111111010010011011011011
11111111111111010011011011111101
11111111111111010100011010001000
11111111111111010101011101000111
11111111111111010110011000010011
11111111111111010111011001110101
11111111111111011000011101100001
11111111111111011001100111000111
11111111111111011010101000110101
11111111111111011011101011011111
11111111111111011100110001011000
11111111111111011101111111110101
11111111111111011111001000101110
11111111111111100000001110101001
11111111111111100001010110010000
11111111111111100010100111001110
11111111111111100011110101100001
11111111111111100100111111010110
11111111111111100110001001100100
11111111111111100111011100011110
11111111111111101000101110100101
11111111111111101001111011111010
11111111111111101011001000001111
11111111111111101100011100001010
11111111111111101101110001010111
11111111111111101111000010110011
11111111111111110000010001101110
11111111111111110001100100101011
11111111111111110010111001110100
11111111111111110100001111000100
11111111111111110101100011010010
11111111111111110110110110110110
11111111111111111000001000101011
11111111111111111001011101000111
11111111111111111010110101111011
11111111111111111100001110000010
11111111111111111101011111000001
11111111111111111110101111000010
00000000000000000000000110110010
00000000000000000001100010101110
00000000000000000010110111001111
00000000000000000100000101010110
00000000000000000101010111111100
00000000000000000110110010011000
00000000000000001000001010010110
00000000000000001001011010100011
00000000000000001010101001100111
00000000000000001011111110110001
00000000000000001101010101111101
00000000000000001110101000010101
00000000000000001111110111000011
00000000000000010001000111101101
00000000000000010010011010101000
00000000000000010011101011110111
00000000000000010100111010101010
00000000000000010110001001101101
00000000000000010111011000101111
00000000000000011000100101011100
00000000000000011001110001000110
00000000000000011010111110011101
00000000000000011100001100000011
00000000000000011101010101110110
00000000000000011110011100011001
00000000000000011111100100001101
00000000000000100000101110010000
00000000000000100001110111010010
00000000000000100010111100010111
00000000000000100011111110001110
00000000000000100100111111110000
00000000000000100110000100000100
00000000000000100111001001110010
00000000000000101000001010011110
00000000000000101001000100001010
00000000000000101001111110110111
00000000000000101011000000100011
00000000000000101100000001100010
00000000000000101100111000000100
00000000000000101101101010001011
00000000000000101110100011110100
00000000000000101111100001011111
00000000000000110000010110010010
00000000000000110001000010110101
00000000000000110001110100000000
00000000000000110010101011101110
00000000000000110011011110001100
00000000000000110100000110110110
00000000000000110100101111011101
00000000000000110101011110111101
00000000000000110110001110010110
00000000000000110110110101011010
00000000000000110111010111000011
00000000000000110111111011110101
00000000000000111000100101010100
00000000000000111001001011111100
00000000000000111001101010010011
00000000000000111010000100111000
00000000000000111010100100001110
00000000000000111011000111110101
00000000000000111011100110000111
00000000000000111011111011000011
00000000000000111100001111001011
00000000000000111100101010011001
00000000000000111101000111000100
00000000000000111101011011011010
00000000000000111101101000110001
00000000000000111101111000100101
00000000000000111110001101110010
00000000000000111110100001100101
00000000000000111110101110001101
00000000000000111110110110011111
00000000000000111111000000110000
00000000000000111111001110110000
00000000000000111111011011001111
00000000000000111111100001001010
00000000000000111111100011011010
00000000000000111111101001000011
00000000000000111111110010000010
00000000000000111111110110011100
00000000000000111111110011111111
00000000000000111111110010010111
00000000000000111111110110010111
00000000000000111111111001000001
00000000000000111111110011011111
00000000000000111111101011011110
00000000000000111111101001001110
00000000000000111111101001100000
00000000000000111111100011111101
00000000000000111111001100111110
00000000000000111111011111100100
00000000000000111110010100001101
00000000000000101110001101111110
00000000000000100000010000101111
00000000000000110001001010100011
00000000000000111100110001001010
00000000000000111001101011111100
00000000000000011010111101111101
00000000000000100011011000111100
00000000000000100011001010101000
00000000000000010001110100010101
00000000000000100101010011101110
00000000000001101001101101001111
00000000000001000000011111100110
11111111111101111001001011111111
11111111111110000100000000011111
00000000000011010101111001010110
00000000000101010111011101011111
11111111111110001000010101111001
11111111111000001000101110101111
11111111111111001100110101100101
00000000001001101000001000001011
00000000000101000000111001110011
11111111110111010110010101101000
11111111110111000111011111110010
00000000000101011010100001111010
00000000001010110111000000010000
11111111111110101110110101011100
11111111110101100010010011000111
11111111111101000000000100010010
00000000000111100100100110111011
00000000000100100000110101111110
11111111111011100011011011010000
11111111111010110100011011111110
00000000000000110111110011011011
00000000000010110110100001110101
11111111111111110000011110110110
11111111111101110100111001011011
11111111111111000010100101001110
11111111111111110010001001010100
11111111111111011110101101000110
11111111111111010100100111001100
11111111111111011100000111000100
11111111111111010000000111001011
11111111111110110111101011101001
11111111111111001010000000110101
11111111111111010110111011000011
11111111111111010101000110011100
11111111111110111111110010010010
11111111111110111000110111010010
11111111111110111111011010010010
11111111111110111011010110010011
11111111111110111110111001000000
11111111111110111011110001101000
11111111111110111110101011010101
11111111111110111100001010111000
11111111111110111110100110001000
11111111111110111100011111110011
11111111111110111110100101000111
11111111111110111100111101010100
11111111111110111110110000010011
11111111111110111101011001010100
11111111111110111110111011000101
11111111111110111101111010111101
11111111111110111111010100010011
11111111111110111110100001011111
11111111111110111111101100100000
11111111111110111111000111111000
11111111111111000000010000110001
11111111111110111111111010010111
11111111111111000000111000110101
11111111111111000000100111111100
11111111111111000001100101011001
11111111111111000001100100110010
11111111111111000010011110001010
11111111111111000010011101010100
11111111111111000011010011010001
11111111111111000011100010100110
11111111111111000100011011010011
11111111111111000100101000100000
11111111111111000101011010010010
11111111111111000101110100111001
11111111111111000110101111011001
11111111111111000111001001111110
11111111111111000111111010100000
11111111111111001000011100010011
11111111111111001001011000110111
11111111111111001010000000110110
11111111111111001010110100010100
11111111111111001011011010110100
11111111111111001100010111010100
11111111111111001101001010100000
11111111111111001110000100100110
11111111111111001110110001000101
11111111111111001111101100101111
11111111111111010000100111001011
11111111111111010001101000010011
11111111111111010010011100001010
11111111111111010011011000101111
11111111111111010100011000001111
11111111111111010101011110110001
11111111111111010110011001001111
11111111111111010111011000001110
11111111111111011000011100101010
11111111111111011001101000001001
11111111111111011010101000001001
11111111111111011011101001000101
11111111111111011100110001101101
11111111111111011110000010100101
11111111111111011111001000010011
11111111111111100000001010101111
11111111111111100001010100110111
11111111111111100010101001111110
11111111111111100011110111011110
11111111111111100100111101101000
11111111111111100110000110110110
11111111111111100111011011011110
11111111111111101000101111100001
11111111111111101001111101111110
11111111111111101011001001001010
11111111111111101100011001001000
11111111111111101101101101001001
11111111111111101111000011111101
11111111111111110000010111000110
11111111111111110001100101000111
11111111111111110010110011011110
11111111111111110100001011111010
11111111111111110101101000001011
11111111111111110110111010110101
11111111111111111000000100101110
11111111111111111001011000001000
11111111111111111010110111110001
11111111111111111100010010001011
11111111111111111101011101110000
11111111111111111110101010111000
00000000000000000000000110010110
00000000000000000001100101010111
00000000000000000010110111110001
00000000000000000100000011001110
00000000000000000101010110011111
00000000000000000110110010100011
00000000000000001000001010111110
00000000000000001001011010110001
00000000000000001010101001000101
00000000000000001011111101010100
00000000000000001101010100111111
00000000000000001110101001000110
00000000000000001111110111111000
00000000000000010001000110101010
00000000000000010010011001001010
00000000000000010011101011111101
00000000000000010100111010111100
00000000000000010110001000100011
00000000000000010111010111111011
00000000000000011000100110011101
00000000000000011001110001010011
00000000000000011010111100011001
00000000000000011100001010110001
00000000000000011101010111010101
00000000000000011110011101001001
00000000000000011111100010000101
00000000000000100000101100111100
00000000000000100001111000110000
00000000000000100010111100100111
00000000000000100011111011100001
00000000000000100100111111000000
00000000000000100110000110111111
00000000000000100111001010000011
00000000000000101000000101111100
00000000000000101001000010011001
00000000000000101010000011010010
00000000000000101011000010110000
00000000000000101011111100010101
00000000000000101100110100001111
00000000000000101101101110011100
00000000000000101110101000000100
00000000000000101111011101001111
00000000000000110000010000100110
00000000000000110001000101101100
00000000000000110001111001110111
00000000000000110010101001100011
00000000000000110011010111001101
00000000000000110100000110101001
00000000000000110100110101101011
00000000000000110101100000011011
00000000000000110110001000100101
00000000000000110110110001111010
00000000000000110111011010101110
00000000000000110111111111110101
00000000000000111000100010111111
00000000000000111001000111001111
00000000000000111001101010000010
00000000000000111010001000100101
00000000000000111010100101111000
00000000000000111011000101000110
00000000000000111011100010111001
00000000000000111011111011010011
00000000000000111100010010000100
00000000000000111100101011110111
00000000000000111101000101000101
00000000000000111101010111111011
00000000000000111101100111110110
00000000000000111101111011111011
00000000000000111110010001010111
00000000000000111110011111101000
00000000000000111110101000001100
00000000000000111110110101000011
00000000000000111111000111000110
00000000000000111111010011010011
00000000000000111111010101111100
00000000000000111111011001111011
00000000000000111111100110001001
00000000000000111111110001001110
00000000000000111111110001100000
00000000000000111111101110001101
00000000000000111111110010010010
00000000000000111111111001110000
00000000000000111111111001010001
00000000000000111111110010010000
00000000000000111111101111011010
00000000000000111111110001000010
00000000000000111111101110000010
00000000000000111111100101001011
00000000000000111111011110011011
00000000000000111111001111011010
00000000000000111111100100110111
00000000000000111110010011011110
00000000000000101110001001100001
00000000000000100000001111110011
00000000000000110001001101001100
00000000000000111100110010011011
00000000000000111001101010110001
00000000000000011010111100101010
00000000000000100011011000110001
00000000000000100011001011010001
00000000000000010001110100110010
00000000000000100101010011010001
00000000000001101001101100010111
00000000000001000000011111111110
11111111111101111001001101001010
11111111111110000011111111110000
00000000000011010101110111001111
00000000000101010111011101111001
11111111111110001000011000110000
11111111111000001000101110110111
11111111111111001100110001111010
00000000001001101000000110101010
00000000000101000000111101000011
11111111110111010110011000001001
11111111110111000111011101010100
00000000000101011010011110100111
00000000001010110111000001000100
11111111111110101110111000010000
11111111110101100010010011100000
11111111111101000000000010010010
00000000000111100100100101010110
00000000000100100000110110001010
11111111111011100011011100110010
11111111111010110100011101001011
00000000000000110111110010010010
00000000000010110110011111001001
11111111111111110000011110011111
11111111111101110100111100011010
11111111111111000010100110110110
11111111111111110010000110011101
11111111111111011110101001111011
11111111111111010100101000100111
11111111111111011100001010011101
11111111111111010000000111000110
11111111111110110111101000100110
11111111111111001001111111011010
11111111111111010110111100011111
11111111111111010101001000000100
11111111111110111111110010001011
11111111111110111000110101111010
11111111111110111111011000110111
11111111111110111011010110010100
11111111111110111110111010101010
11111111111110111011110010100101
11111111111110111110101001100010
11111111111110111100001000110000
11111111111110111110100111000110
11111111111110111100100010010100
11111111111110111110100100110011
11111111111110111100111010010011
11111111111110111110101111001001
11111111111110111101011011101100
11111111111110111110111101010110
11111111111110111101111001100110
11111111111110111111010000101101
11111111111110111110100000001100
11111111111110111111101111110001
11111111111110111111001011100111
11111111111111000000001110101010
11111111111110111111110011110111
11111111111111000000110111100010
11111111111111000000101111000110
11111111111111000001101010000001
11111111111111000001011110000110
11111111111111000010010101110110
11111111111111000010100001001010
11111111111111000011011101001100
11111111111111000011100001110001
11111111111111000100010000101111
11111111111111000100100101101010
11111111111111000101100011001011
11111111111111000101111001110011
11111111111111000110101000001101
11111111111111000111000011001111
11111111111111000111111110101110
11111111111111001000100010111011
11111111111111001001010110100010
11111111111111001001111010010001
11111111111111001010110100010011
11111111111111001011100000000100
11111111111111001100011000000011
11111111111111001101000101100100
11111111111111001110000010011011
11111111111111001110110100111000
11111111111111001111101111011010
11111111111111010000100011010111
11111111111111010001100011110010
11111111111111010010011110010100
11111111111111010011011101110010
11111111111111010100010110110101
11111111111111010101011000010000
11111111111111010110011000000011
11111111111111010111011110000011
11111111111111011000011111000010
11111111111111011001100010011010
11111111111111011010100011100100
11111111111111011011101100110001
11111111111111011100110110010101
11111111111111011101111111101001
11111111111111011111000010101111
11111111111111100000001011010110
11111111111111100001011001100111
11111111111111100010101010001010
11111111111111100011110010010110
11111111111111100100111010101111
11111111111111100110001001111000
11111111111111100111011111001100
11111111111111101000101101101110
11111111111111101001111000001111
11111111111111101011000111001111
11111111111111101100011101111111
11111111111111101101110001001011
11111111111111101110111111011001
11111111111111110000001111100110
11111111111111110001100110011101
11111111111111110010111011011110
11111111111111110100001100101010
11111111111111110101011111000001
11111111111111110110110110001100
11111111111111111000001011100001
11111111111111111001011101111101
11111111111111111010110010011000
11111111111111111100001010011001
11111111111111111101011111010101
11111111111111111110110001000110
00000000000000000000000110010101
00000000000000000001011111111010
00000000000000000010110101010011
00000000000000000100000101000010
00000000000000000101011000000000
00000000000000000110110010000100
00000000000000001000001001110011
00000000000000001001011000111111
00000000000000001010100111011110
00000000000000001011111110000011
00000000000000001101010111000010
00000000000000001110101000011110
00000000000000001111110100011001
00000000000000010001000101001011
00000000000000010010011011001001
00000000000000010011101101100011
00000000000000010100111001011100
00000000000000010110000110000110
00000000000000010111010110111111
00000000000000011000100111000010
00000000000000011001110010011010
00000000000000011010111100100110
00000000000000011100001000100111
00000000000000011101010100011011
00000000000000011110011101101101
00000000000000011111100101101110
00000000000000100000101101001111
00000000000000100001110011100011
00000000000000100010111001010010
00000000000000100011111111010111
00000000000000100101000011101011
00000000000000100110000100000101
00000000000000100111000011100000
00000000000000101000000101101000
00000000000000101001000111111100
00000000000000101010000101000010
00000000000000101010111101111010
00000000000000101011111000101101
00000000000000101100110110011000
00000000000000101101110001011100
00000000000000101110100110111011
00000000000000101111011010011111
00000000000000110000010000000101
00000000000000110001000110011001
00000000000000110001111001110100
00000000000000110010101001011101
00000000000000110011010111010101
00000000000000110100000101100100
00000000000000110100110100000110
00000000000000110101100000111101
00000000000000110110001010001101
00000000000000110110110000111010
00000000000000110111010111111110
00000000000000110111111111111111
00000000000000111000100101101100
00000000000000111001000110111100
00000000000000111001100110101001
00000000000000111010000111111111
00000000000000111010101000110000
00000000000000111011000101010110
00000000000000111011011111010110
00000000000000111011111010100111
00000000000000111100010101101011
00000000000000111100101100010110
00000000000000111101000000010010
00000000000000111101010110001100
00000000000000111101101100111001
00000000000000111101111110101000
00000000000000111110001011110010
00000000000000111110011010101011
00000000000000111110101100100111
00000000000000111110111011011010
00000000000000111111000011111001
00000000000000111111001011011011
00000000000000111111010110100010
00000000000000111111100001100111
00000000000000111111100111011110
00000000000000111111101001110110
00000000000000111111101110000011
00000000000000111111110011111110
00000000000000111111110110100100
00000000000000111111110100111100
00000000000000111111110011110010
00000000000000111111110101011001
00000000000000111111110101000100
00000000000000111111101111001100
00000000000000111111101000000010
00000000000000111111100101000100
00000000000000111111100011110000
00000000000000111111010001000001
00000000000000111111011111100001
00000000000000111110010011000101
00000000000000101110011010001010
00000000000000100000001111000101
00000000000000110001000101000000
00000000000000111100100100111011
00000000000000111001111011100110
00000000000000011011000110001000
00000000000000100011010100000010
00000000000000100011001011100101
00000000000000010001110111101101
00000000000000100100111110010010
00000000000001101001010100000111
00000000000001000001101001000101
11111111111101111010011001010101
11111111111110000010011011011110
00000000000011010011001000101111
00000000000101011000110101111111
11111111111110001101000000101011
11111111111000001000110110001011
11111111111111000110101110000111
00000000001001100101101100011111
00000000000101000111001010011001
11111111110111011011011100110100
11111111110111000010101101111011
00000000000101010011011001001100
00000000001010111001011000011001
11111111111110110110010100010001
11111111110101100010111000101011
11111111111100111001011111110011
00000000000111100010001110010100
00000000000100100101001110001000
11111111111011100110101010110100
11111111111010110010001101001111
00000000000000110101000111101110
00000000000010110111001011111011
11111111111111110010010001011011
11111111111101110100110011010010
11111111111111000001110111110100
11111111111111110010001011101010
11111111111111011110111001000000
11111111111111010100100000100101
11111111111111011100000000101111
11111111111111010000011101011011
11111111111110110111101101101100
11111111111111001001110011100011
11111111111111010110110001010011
11111111111111010101010000000100
11111111111111000000000000011111
11111111111110111000110010101001
11111111111110111111011000101110
11111111111110111011010011100001
11111111111110111110111100011101
11111111111110111011101111111001
11111111111110111110101011110000
11111111111110111100001001010000
11111111111110111110101000000001
11111111111110111100011101101111
11111111111110111110100100101100
11111111111110111100111100010000
11111111111110111110110010011110
11111111111110111101011000100000
11111111111110111110111010001000
11111111111110111101111000110110
11111111111110111111010101011011
11111111111110111110100001100101
11111111111110111111101100011000
11111111111110111111000110010000
11111111111111000000010000111010
11111111111110111111111001110100
11111111111111000000111000010100
11111111111111000000100111000010
11111111111111000001100110000100
11111111111111000001100100010000
11111111111111000010011100111010
11111111111111000010011100000111
11111111111111000011010100000010
11111111111111000011100010100000
11111111111111000100011010000001
11111111111111000100100111010010
11111111111111000101011010111101
11111111111111000101110100110101
11111111111111000110101101101000
11111111111111000111001000010111
11111111111111000111111011101000
11111111111111001000011101011000
11111111111111001001010111001001
11111111111111001001111101101000
11111111111111001010110100010001
11111111111111001011011101010111
11111111111111001100010111011010
11111111111111001101000110010111
11111111111111001110000010001101
11111111111111001110110011111000
11111111111111001111101111010110
11111111111111010000100011001111
11111111111111010001100010111110
11111111111111010010011110000111
11111111111111010011011110100010
11111111111111010100010110001100
11111111111111010101010101111111
11111111111111010110010111101001
11111111111111010111100000100011
11111111111111011000011111111001
11111111111111011001011110110101
11111111111111011010100000011010
11111111111111011011101111010000
11111111111111011100111010010101
11111111111111011101111101110101
11111111111111011110111101000111
11111111111111100000001010110010
11111111111111100001011110011100
11111111111111100010101011101001
11111111111111100011101101100110
11111111111111100100110111110011
11111111111111100110001100111101
11111111111111100111100001110010
11111111111111101000101010110100
11111111111111101001110101000111
11111111111111101011001000110011
11111111111111101100100000001110
11111111111111101101101111100000
11111111111111101110111101000011
11111111111111110000010000010011
11111111111111110001100111010100
11111111111111110010111001111110
11111111111111110100001011101111
11111111111111110101100000110000
11111111111111110110110110011110
11111111111111111000001000010001
11111111111111111001011100000100
11111111111111111010110101010111
11111111111111111100001101001100
11111111111111111101011100100001
11111111111111111110101100011010
00000000000000000000000110110011
00000000000000000001100100100001
00000000000000000010110110100010
00000000000000000100000000110111
00000000000000000101010100011000
00000000000000000110110011100101
00000000000000001000001101001011
00000000000000001001011001001110
00000000000000001010100100100110
00000000000000001011111011111000
00000000000000001101010111100000
00000000000000001110101010001101
00000000000000001111110101001000
00000000000000010001000011110101
00000000000000010010011000111011
00000000000000010011101100110111
00000000000000010100111010111011
00000000000000010110000111010000
00000000000000010111010101110110
00000000000000011000100101000101
00000000000000011001110010000001
00000000000000011010111101010010
00000000000000011100001000110100
00000000000000011101010100000110
00000000000000011110011101011001
00000000000000011111100100110001
00000000000000100000101011111000
00000000000000100001110011111000
00000000000000100010111011000110
00000000000000100011111111010110
00000000000000100101000000110011
00000000000000100110000010011000
00000000000000100111000101101001
00000000000000101000000111101111
00000000000000101001000101110100
00000000000000101010000001101011
00000000000000101010111110100011
00000000000000101011111011110010
00000000000000101100110110000000
00000000000000101101101101101110
00000000000000101110100101110101
00000000000000101111011101100100
00000000000000110000010001110100
00000000000000110001000011011001
00000000000000110001110110011101
00000000000000110010101010011110
00000000000000110011011010100100
00000000000000110100000101111000
00000000000000110100110001000001
00000000000000110101011110100001
00000000000000110110001011000010
00000000000000110110110011011110
00000000000000110111011000111001
00000000000000110111111101101100
00000000000000111000100010011101
00000000000000111001000110110011
00000000000000111001101001101111
00000000000000111010001001101101
00000000000000111010100110001111
00000000000000111011000010001011
00000000000000111011011111110101
00000000000000111011111101000001
00000000000000111100010101110100
00000000000000111100101010100011
00000000000000111100111111100101
00000000000000111101010110100010
00000000000000111101101100011101
00000000000000111101111110000110
00000000000000111110001100100010
00000000000000111110011011001111
00000000000000111110101011001100
00000000000000111110111001101111
00000000000000111111000100100110
00000000000000111111001101001001
00000000000000111111010110001011
00000000000000111111011111101010
00000000000000111111100110110010
00000000000000111111101010111100
00000000000000111111101110101101
00000000000000111111110011001000
00000000000000111111110101101011
00000000000000111111110101001110
00000000000000111111110100011001
00000000000000111111110100111001
00000000000000111111110011110011
00000000000000111111101111000011
00000000000000111111101001011100
00000000000000111111100101101001
00000000000000111111100001110110
00000000000000111111001111011001
00000000000000111111100001000111
00000000000000111110010101001111
00000000000000101110011000101010
00000000000000100000001011111010
00000000000000110001000101110001
00000000000000111100101000010001
00000000000000111001111011000100
00000000000000011011000010010101
00000000000000100011010011111011
00000000000000100011001111010011
00000000000000010001110111101110
00000000000000100100111001111001
00000000000001101001010011010100
00000000000001000001101101011101
11111111111101111010011010011110
11111111111110000010010110101110
00000000000011010011000110100010
00000000000101011000111001111001
11111111111110001101000011000011
11111111111000001000110010110100
11111111111111000110101011010110
00000000001001100101101110100000
00000000000101000111001100010010
11111111110111011011011011010110
11111111110111000010101100110110
00000000000101010011011010000000
00000000001010111001010111110101
11111111111110110110010010110111
11111111110101100010111010010111
11111111111100111001100001110110
00000000000111100010001011010011
00000000000100100101001010001111
11111111111011100110101101111000
11111111111010110010010010110000
00000000000000110101000100101111
00000000000010110111000100001010
11111111111111110010010010110000
11111111111101110100111100010111
11111111111111000001111000101000
11111111111111110010000001110010
11111111111111011110110101000000
11111111111111010100101001001110
11111111111111011100000111001111
11111111111111010000010111000011
11111111111110110111100101010111
11111111111111001001110110001111
11111111111111010110111001000010
11111111111111010101010000010010
11111111111110111111111010100100
11111111111110111000110000001011
11111111111110111111011011010010
11111111111110111011010101100000
11111111111110111110111100001001
11111111111110111011101111011111
11111111111110111110101010110111
11111111111110111100000111000110
11111111111110111110100111110011
11111111111110111100100001001001
11111111111110111110100110101100
11111111111110111100111000101010
11111111111110111110101101111101
11111111111110111101011010000101
11111111111110111110111111101010
11111111111110111101111001101000
11111111111110111111001111110110
11111111111110111110011101111100
11111111111110111111110000000111
11111111111110111111001011011000
11111111111111000000001111001100
11111111111110111111110011110000
11111111111111000000110111011000
11111111111111000000101100100001
11111111111111000001101000110100
11111111111111000001011111110001
11111111111111000010011000101111
11111111111111000010011110111111
11111111111111000011011000100101
11111111111111000011100000100101
11111111111111000100010101000100
11111111111111000100101000000101
11111111111111000101011111101010
11111111111111000101110100011110
11111111111111000110101000011110
11111111111111000111000111100111
11111111111111001000000000100111
11111111111111001000011111000110
11111111111111001001010010010101
11111111111111001001111010010101
11111111111111001010110111101011
11111111111111001011100001010000
11111111111111001100010101100000
11111111111111001101000010010110
11111111111111001110000010001000
11111111111111001110110110011100
11111111111111001111101111111000
11111111111111010000100001110110
11111111111111010001100010100111
11111111111111010010011110000101
11111111111111010011011100111101
11111111111111010100010101010000
11111111111111010101011000100110
11111111111111010110011010000111
11111111111111010111011101010100
11111111111111011000011010011101
11111111111111011001100000001111
11111111111111011010100111100001
11111111111111011011110000000110
11111111111111011100110001111011
11111111111111011101111001010100
11111111111111011111000100010000
11111111111111100000010001011010
11111111111111100001011000110011
11111111111111100010100010110111
11111111111111100011110000001111
11111111111111100101000000011001
11111111111111100110001100001111
11111111111111100111011001010001
11111111111111101000101000101111
11111111111111101001111011011000
11111111111111101011001011101101
11111111111111101100011011101101
11111111111111101101101011100110
11111111111111101110111110001110
11111111111111110000010010011111
11111111111111110001100111110000
11111111111111110010111001100101
11111111111111110100001001110100
11111111111111110101011101000000
11111111111111110110110110001100
11111111111111111000001101101110
11111111111111111001011110110111
11111111111111111010101110101011
11111111111111111100000101100001
11111111111111111101100000001001
11111111111111111110110110000100
00000000000000000000000110011011
00000000000000000001011001001100
00000000000000000010110001001011
00000000000000000100001001010011
00000000000000000101011100100001
00000000000000000110101110000010
00000000000000001000000010100001
00000000000000001001011001011011
00000000000000001010101101100001
00000000000000001011111101111001
00000000000000001101001111100100
00000000000000001110100101010110
00000000000000001111111001101100
00000000000000010001001000001000
00000000000000010010010101000101
00000000000000010011100111110000
00000000000000010100111100100010
00000000000000010110001010111101
00000000000000010111010100000000
00000000000000011000100000101000
00000000000000011001110010010000
00000000000000011011000000100100
00000000000000011100001000010101
00000000000000011101010000000011
00000000000000011110011011110111
00000000000000011111100111000001
00000000000000100000101101001110
00000000000000100001110001101100
00000000000000100010111000011001
00000000000000100011111111000111
00000000000000100101000010001011
00000000000000100110000010011100
00000000000000100111000011101001
00000000000000101000000110000100
00000000000000101001000110010111
00000000000000101010000010101110
00000000000000101010111101010001
00000000000000101011111001001111
00000000000000101100110110000001
00000000000000101101101111101100
00000000000000101110100100111100
00000000000000101111011001110000
00000000000000110000010000110101
00000000000000110001000110110101
00000000000000110001110111101000
00000000000000110010100101111100
00000000000000110011010110110110
00000000000000110100001000011111
00000000000000110100110100101000
00000000000000110101011100001011
00000000000000110110000110010010
00000000000000110110110011011001
00000000000000110111011100000100
00000000000000110111111101100000
00000000000000111000011111001010
00000000000000111001000101110000
00000000000000111001101011001011
00000000000000111010001001001011
00000000000000111010100100000011
00000000000000111011000010000010
00000000000000111011100001001000
00000000000000111011111011111011
00000000000000111100010011000101
00000000000000111100101010010010
00000000000000111101000001001110
00000000000000111101010110001001
00000000000000111101101001111000
00000000000000111101111101000111
00000000000000111110001101100110
00000000000000111110011011000111
00000000000000111110101001001010
00000000000000111110111000101000
00000000000000111111000101010101
00000000000000111111001101001101
00000000000000111111010100001010
00000000000000111111011101111001
00000000000000111111100111011010
00000000000000111111101011111110
00000000000000111111101101001000
00000000000000111111110000000101
00000000000000111111110101001101
00000000000000111111110111010100
00000000000000111111110100100010
00000000000000111111110001011001
00000000000000111111110001011110
00000000000000111111110000111010
00000000000000111111101010111101
00000000000000111111100010101001
00000000000000111111011110010111
00000000000000111111010000011111
00000000000000111111100011100110
00000000000000111110010011011111
00000000000000101110010100110100
00000000000000100000001011110010
00000000000000110001001000000011
00000000000000111100101000001011
00000000000000111001111000101010
00000000000000011011000001001001
00000000000000100011010011110101
00000000000000100011001111011000
00000000000000010001111000101110
00000000000000100100111010011100
00000000000001101001010000010011
00000000000001000001101001111100
11111111111101111010011101011111
11111111111110000010011100100001
00000000000011010011000100000010
00000000000101011000110001010001
11111111111110001101000011000101
11111111111000001000111100101010
11111111111111000110101110010100
00000000001001100101100100111000
00000000000101000111000110101001
11111111110111011011100011011001
11111111110111000010110100101011
00000000000101010011010100110000
00000000001010111001001111100001
11111111111110110110010101110101
11111111110101100011000010100100
11111111111100111001100001110101
00000000000111100010000100101001
00000000000100100101001001010101
11111111111011100110110011110001
11111111111010110010010101101001
00000000000000110101000001001101
00000000000010110111000001101100
11111111111111110010010110000110
11111111111101110101000000100010
11111111111111000001110111110011
11111111111111110001111111000000
11111111111111011110110110001101
11111111111111010100101101101101
11111111111111011100001000101111
11111111111111010000010100100000
11111111111110110111100100111011
11111111111111001001111010010111
11111111111111010110111100100110
11111111111111010101001110110011
11111111111110111111111000000111
11111111111110111000110010101100
11111111111110111111100000111101
11111111111110111011010111110010
11111111111110111110111001001100
11111111111110111011101101100011
11111111111110111110101110111111
11111111111110111100001101101111
11111111111110111110101000111101
11111111111110111100011100101101
11111111111110111110100101011111
11111111111110111100111111000001
11111111111110111110110100010110
11111111111110111101011000111010
11111111111110111110111011001011
11111111111110111101111011000111
11111111111110111111010110101101
11111111111110111110100001110011
11111111111110111111101110000101
11111111111110111111001001011010
11111111111111000000010010001111
11111111111110111111111001000111
11111111111111000000111001100111
11111111111111000000101011000001
11111111111111000001101000010110
11111111111111000001100011011101
11111111111111000010011101000011
11111111111111000010011111100110
11111111111111000011010111011000
11111111111111000011100010111010
11111111111111000100011001101111
11111111111111000100101001000111
11111111111111000101011101111001
11111111111111000101110110101100
11111111111111000110101110100001
11111111111111000111001001010110
11111111111111000111111101000100
11111111111111001000011111010101
11111111111111001001011001011010
11111111111111001001111111010101
11111111111111001010110100101110
11111111111111001011011101111010
11111111111111001100011001110100
11111111111111001101001001101110
11111111111111001110000011100000
11111111111111001110110010101010
11111111111111001111101111100001
11111111111111010000100111100100
11111111111111010001100111011010
11111111111111010010011100111110
11111111111111010011011010100011
11111111111111010100011000001110
11111111111111010101011110001111
11111111111111010110011010111111
11111111111111010111011010010111
11111111111111011000011011100100
11111111111111011001100110001010
11111111111111011010101001111000
11111111111111011011101100110000
11111111111111011100110001010001
11111111111111011101111110111100
11111111111111011111001000000111
11111111111111100000001110101111
11111111111111100001010110011111
11111111111111100010100110110000
11111111111111100011110100101101
11111111111111100100111111011101
11111111111111100110001001111000
11111111111111100111011011000111
11111111111111101000101100010110
11111111111111101001111011110100
11111111111111101011001010001101
11111111111111101100011011111011
11111111111111101101101101011110
11111111111111101110111111011100
11111111111111110000010010100010
11111111111111110001100111011001
11111111111111110010111001011010
11111111111111110100001010010000
11111111111111110101011110000111
11111111111111110110110110110011
11111111111111111000001100111101
11111111111111111001011101110000
11111111111111111010101110010110
11111111111111111100000110000110
11111111111111111101100000111011
11111111111111111110110110000100
00000000000000000000000100100101
00000000000000000001010110101101
00000000000000000010110000111111
00000000000000000100001011101010
00000000000000000101011101001000
00000000000000000110101010001101
00000000000000000111111110001101
00000000000000001001011001101101
00000000000000001010110000011100
00000000000000001011111101100101
00000000000000001101001010111100
00000000000000001110100001000001
00000000000000001111111001001111
00000000000000010001001001101010
00000000000000010010010100101110
00000000000000010011100011111011
00000000000000010100110111101101
00000000000000010110001000111101
00000000000000010111010101000000
00000000000000011000100000001111
00000000000000011001101101100000
00000000000000011010111011010001
00000000000000011100000111010011
00000000000000011101010000110101
00000000000000011110011000011011
00000000000000011111100000100110
00000000000000100000101010100010
00000000000000100001110010111100
00000000000000100010110101111100
00000000000000100011110111001110
00000000000000100100111100110110
00000000000000100110000011111101
00000000000000100111000100010010
00000000000000100111111110101100
00000000000000101000111100111110
00000000000000101010000000110111
00000000000000101011000000000111
00000000000000101011110101111111
00000000000000101100101011100110
00000000000000101101101000110000
00000000000000101110100110010000
00000000000000101111011010000010
00000000000000110000001000011010
00000000000000110000111100100011
00000000000000110001110101100010
00000000000000110010101000000101
00000000000000110011010001101110
