00000000000000000000000000000000
00000000000000000000000000000000
00000000000000000000000000000000
00000000000000000000000000000000
00000000000000000000000000000000
00000000000000000000000000000000
00000000000000000000000000000000
00000000000000000000000000000000
00000000000000000000000000000000
00000000000000000000000000000000
00000000000000000000000000000000
00000000000000000000000000000000
00000000000000000000000000000000
00000000000000000000000000000000
00000000000000000000000000000000
00000000000000000000000000000000
00000000000000000000000000000000
00000000000000000000000000000000
00000000000000000000000000000000
00000000000000000000000000000000
00000000000000000000000000000000
00000000000000000000000000000000
11111111111111111111000100100000
11111111111111111101011011111100
11111111111111111100111010010000
11111111111111111001010010001010
11111111111111111000001001100010
11111111111111110011100100101000
11111111111111101111100111010100
11111111111111101110001001101100
11111111111111100101010101000110
11111111111111100100011100001110
11111111111111011011111110110100
11111111111111010101110000111010
11111111111111010000101100010010
11111111111111001000001110011100
11111111111110111111001010010100
11111111111110111000111000101100
11111111111110101100110110101100
11111111111110011110011001110100
11111111111110100001110100010110
11111111111110000000001100100000
11111111111110001110000110001010
11111111111101110100001100000010
11111111111101100010010011111110
11111111111101111000011001110000
11111111111100110110101100000100
11111111111101100011101001100000
11111111111100110010111011000000
11111111111100100111111001110000
11111111111101000011101111111010
11111111111011110100011001001100
11111111111100110001001100000110
11111111111011110010010011100010
11111111111011110100110100010100
11111111111100000010110001000010
11111111111011000110110001111110
11111111111011110100110001010000
11111111111011000001010000011110
11111111111011001110011111010000
11111111111011000101010000001100
11111111111010110100001001100100
11111111111010111101111011011010
11111111111010100111010010110110
11111111111010111000100110100110
11111111111010011010000010111110
11111111111010110011000011100100
11111111111010011000011000001110
11111111111010011001110011001110
11111111111010101001100110100000
11111111111001111100100111110000
11111111111010101110101110001100
11111111111010000001111111110110
11111111111010010001010100000100
11111111111010100010001000111110
11111111111001110100110011111010
11111111111010101011001111111100
11111111111010000001010111110100
11111111111010001111100001000000
11111111111010011111100010010010
11111111111001111011101001101000
11111111111010100011100101101110
11111111111010001001110001000100
11111111111010010000000001100110
11111111111010100001010100011110
11111111111010001101001001011010
11111111111010100110111110100000
11111111111010100011110000011100
11111111111010100101001011011100
11111111111010111001101001110000
11111111111010110011010101111100
11111111111011000101000001100010
11111111111011001110111011011110
11111111111011010001101010011110
11111111111011100111011000110110
11111111111011101010101100011000
11111111111011111011010011101110
11111111111100001010010011011000
11111111111100010100110001011010
11111111111100100110011110000110
11111111111100111000100100100110
11111111111101000110111001100110
11111111111101011011111110101000
11111111111101110011111111010110
11111111111101111001010001000110
11111111111110100100100010011110
11111111111110100001001110000100
11111111111111000100010001100100
11111111111111100010010111101010
11111111111111010111100011110000
00000000000000100001110011011100
00000000000000000011011100111100
00000000000000111101011101110010
00000000000001010100111111101010
00000000000001000111010111010010
00000000000010011111101001100110
00000000000001110011100111000000
00000000000010111100000011011010
00000000000011000111101110011100
00000000000011000111001000001010
00000000000100001110110010011110
00000000000011110001100011100000
00000000000100101100011111011010
00000000000100110110011000111010
00000000000101000000000101100000
00000000000101101011110011010100
00000000000101101010000110110100
00000000000110001001001000110110
00000000000110011101010001100000
00000000000110101000010000110010
00000000000111000100110100011100
00000000000111010001111101100010
00000000000111101000010101011110
00000000000111110111011100010110
00000000001000001110100001100100
00000000001000011010110100011010
00000000001000101010100010001110
00000000001001001101010100101010
00000000001000111010000011001000
00000000001001111101101011010100
00000000001001011110001000000010
00000000001010000111010101101110
00000000001010101001100000110010
00000000001001111010100001011010
00000000001011101011000011010100
00000000001010010110000101011010
00000000001011101100111110101100
00000000001011101100000101011000
00000000001011001011110001110000
00000000001100110111001101000100
00000000001011010111001100011000
00000000001100111111001001111000
00000000001100011101011101001110
00000000001100100101010010100110
00000000001101011111001110001100
00000000001100101010111011010100
00000000001101110010101001100100
00000000001101010101010010010010
00000000001101110001001011100000
00000000001101111101001111101100
00000000001101111100011011110110
00000000001110010011000101100000
00000000001110010010000110111100
00000000001110100011111101010000
00000000001110100100100101101110
00000000001110110101101011010000
00000000001110110101010000001000
00000000001111000011001100110110
00000000001111001000100100101110
00000000001111001101001001011010
00000000001111011001011011001010
00000000001111011001011010010010
00000000001111100100000111110110
00000000001111100111101011100100
00000000001111101100111111010010
00000000001111110011010011111110
00000000001111110110011000110110
00000000001111111011101000011010
00000000001111111111110000000000
00000000010000000010100000100010
00000000010000000110100011000110
00000000010000001000111101110000
00000000010000001011101011000000
00000000010000001110001010000010
00000000010000001111111001001010
00000000010000010001110001000010
00000000010000010011000110010110
00000000010000010100011001101100
00000000010000010100110000011100
00000000010000010110001111001010
00000000010000010101011011110000
00000000010000010011111110010110
00000000010000011110100000100010
00000000001111111000000001101000
00000000001101011100100100101010
00000000001111101010101001000000
00000000001101110001111010010100
00000000001010011110110110010010
00000000010001111111010101010010
00000000000010010111001101101110
00000000010110101011001000100000
00000000000011100010110101110010
00000000001010011111100110101000
00000000010011101001001011110000
11111111111001001110010101001110
00000000011010100101000111111000
11111111111100110000010010001000
00000000001111001111101101011110
00000000000001011011110111100100
00000000010010100000110000101010
11111111101111000110011100101110
00000000011111011101110101010100
11111111111001100010000110011110
11111111101001100101111111101010
00000001010101011001111110001010
11111110000011010011001001111110
00000010010000011100101010100110
11111110100000010000011100001010
00000000000100100111000001001100
00000001111001101100111000011000
11111100100010101010100011001100
00000100000100111000110010110110
11111100101011101010111110010010
00000001010110100001000001000110
00000001000100110101111100110010
11111100110010100000010001011000
00000100000110010101101010000100
11111100001101111110010100000000
00000010001000100010111101011100
11111111101101110000110101101100
11111110011101001100000110101110
00000010010000010001001110000000
11111101100111010001001100001100
00000001100000011011001110011000
11111111001101010100000110010010
11111111110110011111001010000100
00000000010011011011111011101010
11111111011010001011010001110100
00000000001100100010110010011110
11111111100111001110110011010000
00000000000010001100100001111010
11111111100101101010110011101110
00000000000111101110111110111100
11111111100011010001100110111010
11111111111110000100110010101110
11111111110011000000010111010010
11111111101010111100001010110010
11111111111111001010100110101100
11111111100110111101011101110000
11111111111001100000100110001110
11111111101100100011000001011010
11111111110001010101101001000010
11111111110001000101000011101010
11111111101101100001110011001100
11111111101111110000100111011100
11111111101110010111011000111110
11111111101111100111100010111000
11111111101110100011111111100000
11111111101111100110111011101110
11111111101110101111011001010000
11111111101111100111111001011010
11111111101110111011100111101110
11111111101111101011000000101100
11111111101111000111111011111000
11111111101111110000110001100000
11111111101111010100011011110110
11111111101111111000100100011110
11111111101111100010000100000000
11111111110000000001101110010010
11111111101111110001000100000110
11111111110000001100100001000110
11111111110000000000110111011000
11111111110000011001011100001100
11111111110000010001011011000000
11111111110000101000001011001110
11111111110000100011010011100000
11111111110000111000001101001010
11111111110000110110101010111100
11111111110001001001110110110010
11111111110001001010111011011110
11111111110001011101100110100000
11111111110001100000000101100010
11111111110001110010111001110000
11111111110001110110111011011100
11111111110010001000111110111000
11111111110010001111101111110010
11111111110010100000001110100110
11111111110010101001101001101100
11111111110010111001100000000010
11111111110011000100000010101010
11111111110011010100110100010010
11111111110011011111011110100100
11111111110011110001010001011000
11111111110011111100100110100010
11111111110100001110100110111010
11111111110100011011001100110010
11111111110100101101000110110100
11111111110100111011000010001110
11111111110101001100110000001110
11111111110101011100000110101000
11111111110101101101100001001010
11111111110101111110001001001010
11111111110110001111110000110100
11111111110110100000101111100100
11111111110110110011011110000110
11111111110111000100010000100110
11111111110111010111111010001100
11111111110111101001010000100100
11111111110111111100110001110110
11111111111000001111010101111000
11111111111000100010110011101010
11111111111000110101101101100100
11111111111001001010000110110110
11111111111001011100110000010110
11111111111001110001110100000100
11111111111010000101001101011110
11111111111010011001011111100010
11111111111010101110100111001100
11111111111011000010000011101010
11111111111011010111110100011100
11111111111011101100000101110110
11111111111100000000110010011000
11111111111100010110110101111110
11111111111100101010011111010110
11111111111101000001010000011100
11111111111101010101011001000110
11111111111101101011010010110110
11111111111110000000111000111010
11111111111110010101101001100110
11111111111110101100000111101010
11111111111111000000110011111110
11111111111111010110110101100110
11111111111111101100011011111000
00000000000000000001100011100010
00000000000000010111101110110010
00000000000000101100110001001100
00000000000001000010011011001100
00000000000001011000000101101000
00000000000001101101001010000000
00000000000010000010101011010000
00000000000010011000001011011010
00000000000010101100101110111110
00000000000011000010101010000010
00000000000011010111000110110100
00000000000011101011111001010000
00000000000100000001100010100110
00000000000100010100110111011010
00000000000100101010100100101100
00000000000100111110100001100010
00000000000101010010000001111100
00000000000101100111110000100010
00000000000101111001100111000100
00000000000110001110110011010100
00000000000110100010000010000000
00000000000110110100001100111000
00000000000111001001011100101000
00000000000111011010000001001000
00000000000111101110010001000000
00000000001000000000011001101100
00000000001000010001101001101110
00000000001000100101010001110010
00000000001000110101010110010110
00000000001001000111110100010000
00000000001001011000110001011110
00000000001001101001011000110100
00000000001001111010010111001000
00000000001010001010101110100000
00000000001010011010011000001010
00000000001010101010101000100010
00000000001010111010000001010110
00000000001011001000100010011000
00000000001011011000110000010110
00000000001011100101100110001100
00000000001011110101001100001000
00000000001100000010100110010010
00000000001100001111100100101010
00000000001100011110010001101110
00000000001100101001011000001110
00000000001100110111011101010000
00000000001101000010111000000110
00000000001101001110101111100110
00000000001101011010111001011110
00000000001101100101001101011100
00000000001101110000110110010010
00000000001101111010110001100010
00000000001110000101001011011010
00000000001110001110110110101100
00000000001110011000010011110000
00000000001110100001011000111110
00000000001110101010000001010100
00000000001110110010100110011000
00000000001110111010001111100000
00000000001111000010010011110000
00000000001111001001010001100100
00000000001111010000010110001010
00000000001111010111000100000000
00000000001111011100111011110100
00000000001111100011010110110110
00000000001111101000011001100000
00000000001111101101111100111110
00000000001111110010110001101000
00000000001111110111000000111000
00000000001111111011110101100010
00000000001111111110111001010100
00000000010000000011010010101000
00000000010000000101111100011000
00000000010000001000111100101010
00000000010000001100000111000000
00000000010000001101010000010010
00000000010000010000101101011100
00000000010000010001000111011110
00000000010000010011001011001010
00000000010000010100100111011110
00000000010000010100001101111000
00000000010000010110100010101000
00000000010000010101010110101110
00000000010000010011100011001110
00000000010000011111000100110110
00000000001111110111011011010110
00000000001101011100101011111000
00000000001111101011000001111100
00000000001101110000111010011100
00000000001010011111111010110000
00000000010001111110011011111110
00000000000010010111010100000100
00000000010110101011110010010010
00000000000011100001010111100000
00000000001010100001001110111110
00000000010011100111101111000000
11111111111001001110111011111100
00000000011010100101010110100010
11111111111100101111001011101100
00000000001111010001001000010000
00000000000001011010011011010000
00000000010010100001101101010000
11111111101111000101111111001100
00000000011111011101101101011100
11111111111001100010011111001100
11111111101001100101010101001110
00000001010101011010101010100100
11111110000011010010010010101000
00000010010000011101011111100010
11111110100000001111100101101100
00000000000100100111100000011110
00000001111001101100110011100100
11111100100010101001111100101100
00000100000100111001111000011010
11111100101011101001100010011010
00000001010110100010010000010010
00000001000100110101001010010000
11111100110010100000001111110110
00000100000110010110010100100000
11111100001101111101000111111000
00000010001000100100001011010100
11111111101101101111110001011100
11111110011101001100101000110110
00000010010000010001001000000110
11111101100111010000110100100100
00000001100000011011110100101010
11111111001101010011010011000110
11111111110110011111111100110100
00000000010011011011001010101010
11111111011010001011110011111100
00000000001100100010100000110000
11111111100111001110100101101100
00000000000010001101001000001100
11111111100101101001110010110000
00000000000111110000000010110000
11111111100011010000101100100000
11111111111110000101001011011100
11111111110011000000100000111010
11111111101010111011011011000110
11111111111111001011100101000010
11111111100110111100011110000110
11111111111001100001001100101110
11111111101100100010110110101100
11111111110001010101010011110100
11111111110001000101100100101100
11111111101101100001001100111010
11111111101111110000111101010100
11111111101110010111010000101010
11111111101111100111011010110010
11111111101110100100001000101100
11111111101111100110110010100010
11111111101110101111010110001100
11111111101111101000000000110110
11111111101110111011011010001010
11111111101111101011000111011110
11111111101111000111111010110010
11111111101111110000100011111100
11111111101111010100101110011100
11111111101111111000001001010110
11111111101111100010011000001000
11111111110000000001011101101010
11111111101111110001000001111010
11111111110000001100101101010110
11111111110000000000010111001110
11111111110000011010000001001010
11111111110000010000101111111010
11111111110000101000100110010110
11111111110000100011000100101000
11111111110000110111111111011000
11111111110000110111000111110100
11111111110001001001000101001000
11111111110001001011101100011110
11111111110001011100110100110110
11111111110001100000100001000110
11111111110001110010101100110110
11111111110001110110100111110000
11111111110010001001100100111100
11111111110010001110101111011110
11111111110010100001001101100110
11111111110010101000101100011100
11111111110010111001111100111010
11111111110011000100000011100010
11111111110011010100000101111010
11111111110011100000011110011100
11111111110011110000000101010000
11111111110011111101011000110110
11111111110100001110001011010110
11111111110100011010111101011110
11111111110100101101100110100010
11111111110100111010010000100100
11111111110101001101010000110100
11111111110101011011101111000000
11111111110101101101011101011100
11111111110101111110001111101110
11111111110110001111011111000110
11111111110110100000110011010010
11111111110110110011011010001010
11111111110111000100000010100110
11111111110111011000000010010010
11111111110111101000111111111100
11111111110111111100110001011010
11111111111000001111010110111110
11111111111000100010011000111110
11111111111000110110001010111000
11111111111001001001011010101010
11111111111001011101001100110010
11111111111001110001100001000010
11111111111010000100110111110100
11111111111010011010000111100100
11111111111010101101011111001110
11111111111011000010111111001010
11111111111011010111000000110100
11111111111011101100000110100000
11111111111100000001001111101100
11111111111100010101101011011000
11111111111100101011100110111000
11111111111101000000001101100000
11111111111101010101101010001010
11111111111101101011100001111100
11111111111101111111111001000010
11111111111110010110101010010110
11111111111110101011001000011100
11111111111111000001000001000110
11111111111111010111001001000100
11111111111111101011011001100110
00000000000000000010100001101010
00000000000000010110111001001100
00000000000000101100101111000000
00000000000001000010111111111100
00000000000001010110110101100100
00000000000001101110001011011010
00000000000010000001111100111000
00000000000010010111111011000000
00000000000010101101100000011010
00000000000011000001010101011000
00000000000011011000000011110110
00000000000011101011011001100010
00000000000100000001000010101010
00000000000100010101110001100110
00000000000100101001010101000100
00000000000100111111001101111100
00000000000101010001110101011110
00000000000101100111000000110110
00000000000101111010100110111100
00000000000110001101101000010010
00000000000110100010100100010110
00000000000110110100001010011110
00000000000111001000101100101110
00000000000111011010111011110000
00000000000111101101001111100110
00000000001000000000111010010010
00000000001000010001011100100110
00000000001000100100111001101110
00000000001000110101110000100110
00000000001001000111001011001000
00000000001001011001001000111000
00000000001001101000111010101000
00000000001001111010100011011000
00000000001010001010011100100100
00000000001010011010010101100010
00000000001010101010101110011100
00000000001010111001011111001110
00000000001011001001000101110100
00000000001011010111111111100100
00000000001011100110000000111000
00000000001011110100111111101010
00000000001100000010001100010000
00000000001100010000001000111110
00000000001100011101011010110100
00000000001100101001111011011100
00000000001100110111000100111110
00000000001101000010101100101110
00000000001101001111000110010110
00000000001101011010001101101110
00000000001101100101101100100000
00000000001101110000011000111110
00000000001101111010110011000100
00000000001110000101010101000010
00000000001110001110010110110000
00000000001110011000110000001100
00000000001110100000111010110010
00000000001110101010001001001100
00000000001110110010100111111010
00000000001110111001110100011000
00000000001111000010110000001100
00000000001111001000101011101110
00000000001111010000100111101010
00000000001111010110111011111010
00000000001111011100101000110010
00000000001111100011110001110000
00000000001111100111101111100000
00000000001111101110011111000110
00000000001111110010010010110010
00000000001111110111000111111000
00000000001111111011111101110110
00000000001111111110011000101110
00000000010000000011111010001110
00000000010000000101001000010100
00000000010000001001100100011110
00000000010000001011100110011010
00000000010000001101010101111110
00000000010000010000111011000000
00000000010000010000011011101110
00000000010000010100000100010000
00000000010000010011011111111100
00000000010000010101000111110110
00000000010000010101111110100010
00000000010000010101001100000000
00000000010000010100010110001100
00000000010000011101101001101000
00000000001111111000111001001100
00000000001101011011100001010010
00000000001111101011010001101100
00000000001101110001100011110010
00000000001010011110011011100110
00000000010010000000000100110000
00000000000010010101111111001100
00000000010110101100001011111000
00000000000011100001111001101000
00000000001010011111111001111000
00000000010011101001001100110110
11111111111001001101101111011000
00000000011010100101110001011100
11111111111100101111011110010010
00000000001111010000001111100110
00000000000001011011011010010000
00000000010010100000110111101010
11111111101111000110010101010010
00000000011111011101101101101010
11111111111001100010001001000110
11111111101001100101101010011100
00000001010101011010010110101010
11111110000011010010010111111000
00000010010000011101011110111000
11111110100000001111100000001110
00000000000100100111011110000100
00000001111001101100111001111010
11111100100010101001101100101110
00000100000100111010000101010100
11111100101011101001011000001000
00000001010110100010001101111000
00000001000100110101010101101000
11111100110010011111111001100010
00000100000110010110101010001010
11111100001101111100110010001110
00000010001000100100010001101010
11111111101101101111110110000010
11111110011101001100010011101000
00000010010000010001100000110100
11111101100111010000010110110100
00000001100000011100000001010110
11111111001101010011010101101110
11111111110110011111011110101000
00000000010011011011110011001000
11111111011010001011000110011100
00000000001100100010110100011100
11111111100111001110101110111000
00000000000010001100010011101100
11111111100101101010110111011100
00000000000111101110111011001110
11111111100011010001001100001110
11111111111110000101010111101100
11111111110010111111011100101010
11111111101010111100110010001010
11111111111111001010001110001100
11111111100110111101000110100100
11111111111001100001010010101000
11111111101100100001111011101000
11111111110001010110011011001000
11111111110001000100011111110010
11111111101101100001101011111110
11111111101111110000110111101000
11111111101110010110110110101000
11111111101111100111101111010110
11111111101110100011110100110010
11111111101111100110110000100100
11111111101110101111010001011000
11111111101111101000000100010110
11111111101110111010111101111100
11111111101111101011100011010000
11111111101111000111010111010110
11111111101111110000101100111010
11111111101111010100110010100110
11111111101111110111101001101000
11111111101111100010110101111000
11111111110000000000111011110000
11111111101111110001001011111110
11111111110000001100100001000110
11111111110000000000011001011010
11111111110000011001101010101000
11111111110000010001000011110100
11111111110000101000001011111000
11111111110000100011000000010000
11111111110000111000011100101100
11111111110000110101111110000110
11111111110001001010010110101110
11111111110001001010011100101000
11111111110001011101010010001010
11111111110001100000110000011010
11111111110001110001011110110000
11111111110001111000000100111100
11111111110010001000000001110110
11111111110010001111100011010100
11111111110010100000111111001010
11111111110010101000000001110010
11111111110010111010110101001000
11111111110011000010111101110000
11111111110011010100110000010110
11111111110011100000000011010100
11111111110011101111111010111110
11111111110011111101101010110010
11111111110100001101100110011000
11111111110100011011010101100010
11111111110100101101001101011000
11111111110100111010001110001010
11111111110101001101011011100010
11111111110101011011001010011110
11111111110101101101111001111000
11111111110101111101110011000100
11111111110110001111011000110000
11111111110110100001001011110010
11111111110110110010100100010110
11111111110111000100101110100100
11111111110111010111100001101100
11111111110111101000110100001000
11111111110111111101010010001110
11111111111000001110011110111110
11111111111000100010111100001100
11111111111000110101110110010100
11111111111001001001001000100000
11111111111001011101100010000000
11111111111001110001000101011110
11111111111010000100110101011010
11111111111010011010010100000010
11111111111010101101000011111000
11111111111011000011000011111110
11111111111011010111001100110110
11111111111011101011011001101010
11111111111100000001111001011110
11111111111100010101001000001010
11111111111100101011100000111110
11111111111101000000101000011010
11111111111101010100110010001010
11111111111101101100001011101110
11111111111101111111011001111110
11111111111110010110100011001000
11111111111110101011011010001010
11111111111111000000100000010010
11111111111111010111010110101000
11111111111111101011010010100110
00000000000000000010010011001110
00000000000000010111000000001100
00000000000000101100100111100100
00000000000001000010101100011110
00000000000001010111001011101010
00000000000001101101100110000000
00000000000010000010001110001010
00000000000010010111110100001110
00000000000010101100111110101110
00000000000011000010000100011010
00000000000011010110111100000110
00000000000011101100001100101110
00000000000100000000100011011000
00000000000100010101010111100100
00000000000100101010010010100010
00000000000100111101100101011000
00000000000101010011010010111000
00000000000101100101111011010010
00000000000101111010100011000000
00000000000110001110100011100100
00000000000110100000101101100100
00000000000110110101111110011010
00000000000111000111001110001110
00000000000111011011001011111100
00000000000111101101111010101100
00000000000111111111010010001010
00000000001000010011000011101000
00000000001000100011100110001010
00000000001000110110000001011100
00000000001001000111101001100010
00000000001001010111111101110110
00000000001001101001111100111010
00000000001001111001110011011110
00000000001010001010010111000110
00000000001010011010110011111100
00000000001010101001110110011100
00000000001010111010000011100010
00000000001011001000110001011110
00000000001011010111101011101010
00000000001011100110011111010010
00000000001011110100010011011110
00000000001100000010100110000100
00000000001100001111110110001010
00000000001100011101010100111010
00000000001100101010000010000000
00000000001100110110110000001100
00000000001101000010111010000100
00000000001101001110101011111000
00000000001101011010100011001010
00000000001101100101001101101010
00000000001101110000101010111010
00000000001101111010100111011110
00000000001110000101000001110010
00000000001110001110111001100010
00000000001110010111110110111000
00000000001110100001101010101100
00000000001110101001100100111000
00000000001110110010100011010100
00000000001110111010010101001100
00000000001111000001101110001000
00000000001111001001101100010000
00000000001111001111110011001010
00000000001111010111000011010110
00000000001111011101000111110110
00000000001111100010100110111100
00000000001111101001000001010100
00000000001111101101010110000010
00000000001111110010101100110100
00000000001111110111011110001100
00000000001111111010110001100000
00000000001111111111111001011010
00000000010000000010011000111000
00000000010000000110000100010000
00000000010000001001010110000010
00000000010000001010111110001010
00000000010000001110011101010010
00000000010000001111011111100100
00000000010000010001101111000100
00000000010000010011000001010100
00000000010000010100000010010010
00000000010000010101000101111000
00000000010000010101011000101100
00000000010000010110010010001110
00000000010000010010110011100010
00000000010000011111001110010000
00000000001111110111101001100100
00000000001101011011111011100010
00000000001111101011110100111010
00000000001101110000000001010110
00000000001010100000011000100000
00000000010001111110010001000010
00000000000010010110111011100100
00000000010110101100010101100000
00000000000011100000101010000000
00000000001010100001101010000110
00000000010011100111100010100010
11111111111001001110101011000110
00000000011010100101110000001000
11111111111100101110100110010010
00000000001111010001011111000000
00000000000001011010001100110100
00000000010010100001100010111110
11111111101111000110001111011000
00000000011111011101001110110100
11111111111001100010110100011010
11111111101001100101000001110000
00000001010101011010101001000010
11111110000011010010011001001100
00000010010000011101001010110000
11111110100000001111110011111010
00000000000100100111010010111010
00000001111001101100101111011010
11111100100010101010000011000010
00000100000100111001100111100100
11111100101011101001101000000110
00000001010110100010001110010100
00000001000100110100111001110110
11111100110010100000011110000100
00000100000110010110000011000000
11111100001101111101000100100110
00000010001000100100010011011010
11111111101101101111011100000000
11111110011101001100110001100110
00000010010000010001000111011100
11111101100111010000011011101000
00000001100000011100001010111110
11111111001101010011000000101110
11111111110110011111101011000110
00000000010011011011110001011000
11111111011010001010110011011010
00000000001100100011001110011110
11111111100111001110010001110010
00000000000010001100100001000010
11111111100101101010111000010100
00000000000111101110100100111010
11111111100011010001101001100010
11111111111110000100110011001010
11111111110010111111111000011100
11111111101010111100011101100110
11111111111111001010010001011110
11111111100110111101001100101100
11111111111001100000111011011100
11111111101100100010010101001110
11111111110001010101111011011010
11111111110001000100110111101000
11111111101101100001010110100010
11111111101111110001000000110100
11111111101110010110101111011010
11111111101111100111101100000100
11111111101110100011111010010000
11111111101111100110011100011100
11111111101110101111101101011000
11111111101111100111010111101110
11111111101110111011101001000010
11111111101111101010111011111000
11111111101111000111100001011010
11111111101111110000111101010100
11111111101111010011111110111110
11111111101111111000100101100100
11111111101111100001111001100000
11111111110000000001011001100000
11111111101111110001001001010110
11111111110000001100000010111010
11111111110000000000111011110000
11111111110000011001001001110100
11111111110000010001001011000010
11111111110000101000001111110100
11111111110000100010101111101000
11111111110000111000011010101110
11111111110000110110001100111110
11111111110001001001101110010000
11111111110001001010111110111110
11111111110001011100111010100010
11111111110001100000011111010110
11111111110001110010001010100000
11111111110001110111000001001000
11111111110010001000110110001000
11111111110010001111000110101010
11111111110010100000101001100000
11111111110010101000101111101110
11111111110010111001110101101100
11111111110011000011100000000110
11111111110011010100101000011110
11111111110011011111011011111100
11111111110011110000101011111110
11111111110011111100110110101110
11111111110100001101110001100010
11111111110100011011101000110010
11111111110100101100010000001000
11111111110100111011001100111100
11111111110101001100011110100000
11111111110101011011011100011010
11111111110101101110000100110100
11111111110101111100111010110110
11111111110110010000011000011010
11111111110110100000000000010100
11111111110110110011001110110010
11111111110111000100010111110100
11111111110111010111000111011100
11111111110111101001011110010110
11111111110111111100001111101110
11111111111000001111001010111100
11111111111000100010011101010110
11111111111000110101100111101010
11111111111001001001100001101010
11111111111001011100110100100000
11111111111001110001010101000000
11111111111010000100110100111110
11111111111010011001100111110110
11111111111010101101101101001110
11111111111011000010010100101110
11111111111011010111001100101000
11111111111011101011110011010000
11111111111100000000101101110010
11111111111100010110010000110010
11111111111100101010010111011110
11111111111101000000111110000100
11111111111101010100111110101000
11111111111101101011000101000100
11111111111110000000101011010110
11111111111110010101000011110000
11111111111110101100001110101010
11111111111111000000001000001110
11111111111111010110101100110110
11111111111111101100010000000100
00000000000000000000111000001110
00000000000000010111111011101100
00000000000000101011111110011100
00000000000001000010011110011110
00000000000001010111101000000110
00000000000001101100110000101000
00000000000010000010101010011000
00000000000010010111011100001010
00000000000010101100111000110100
00000000000011000001111101001100
00000000000011010110111110111100
00000000000011101011101101111000
00000000000100000000110101110000
00000000000100010101000110000100
00000000000100101001110101001110
00000000000100111110010101101110
00000000000101010010000010011000
00000000000101100110110100011000
00000000000101111010000001110000
00000000000110001110000100101110
00000000000110100001101000101000
00000000000110110100100100111100
00000000000111001000001001000100
00000000000111011010101101111110
00000000000111101101011100000100
00000000001000000000000001001100
00000000001000010010000011000110
00000000001000100100000001111100
00000000001000110101111011111110
00000000001001000111000000110110
00000000001001011000100110111110
00000000001001101001010000101110
00000000001001111001111000100000
00000000001010001010100100011100
00000000001010011010000100000010
00000000001010101010100000111000
00000000001010111001010111001000
00000000001011001000111010101010
00000000001011010111110000111010
00000000001011100101110111111010
00000000001011110100111010101000
00000000001100000001110010111000
00000000001100010000010000110110
00000000001100011101000100101110
00000000001100101001101110110000
00000000001100110111001101010010
00000000001101000010001001000100
00000000001101001111001111110000
00000000001101011010000101011010
00000000001101100101001011101100
00000000001101110000110101011010
00000000001101111010000111110000
00000000001110000101011010100000
00000000001110001110011100011100
00000000001110011000000101000110
00000000001110100001011001001100
00000000001110101001101000001010
00000000001110110010100000111010
00000000001110111010000001010010
00000000001111000010001101101000
00000000001111001000110110011100
00000000001111010000100010011010
00000000001111010110100010010100
00000000001111011100111010111100
00000000001111100011011001011110
00000000001111100111101010010000
00000000001111101110100110010100
00000000001111110001111000110000
00000000001111110111010001100000
00000000001111111011110001011000
00000000001111111110010000101000
00000000010000000011110110000100
00000000010000000101001010111100
00000000010000001001001010111000
00000000010000001011111001011100
00000000010000001101000000010100
00000000010000010000101111001100
00000000010000010000111001010000
00000000010000010011000101011110
00000000010000010100011011001110
00000000010000010100010011001000
00000000010000010110000111111100
00000000010000010101100011011010
00000000010000010011011010111010
00000000010000011110011111011100
00000000001111111000111000110000
00000000001101011100111111100100
00000000001111100111110000011000
00000000001101111000101100000110
00000000001010010100111110010100
00000000010010001011010110001100
00000000000010001101101100100000
00000000010110101100100011000100
00000000000011101100110110000100
00000000001010001011111100110100
00000000010100000001010101111000
11111111111000111000111101100110
00000000011010110011111111011100
11111111111100100101110001011110
00000000001111011100010001011000
00000000000001001010100111010100
00000000010010110011011011101100
11111111101111000100000100011110
00000000011110111000111001111100
11111111111010111111011100000110
11111111100111010101000011100100
00000001010111111011010011100110
11111110000001011101101100101000
00000010010000100111100001100100
11111110100010010101000001011110
00000000000000100001101001110100
00000001111110101110100100000010
11111100011110010100001101010010
00000100000111000010100110011010
11111100101100100011111111000010
00000001010010110100101101100110
00000001001010000111001111101100
11111100101101011001110000110110
00000100001001101110100111011100
11111100001101000111111010011000
00000010000111000000011110110100
11111111110000110001110110111100
11111110011001111010110110101000
00000010010010110010101010101010
11111101100101111110000101100000
00000001100000100101100110100000
11111111001101110110100001000110
11111111110101101111100110011000
00000000010100000100010111000010
11111111011001110000010001101100
00000000001100110111000100000110
11111111100110111011001100100000
00000000000010100010111010010010
11111111100101010100100110100000
00000000000111111110010100101100
11111111100011001110011011111010
11111111111101111100000010010010
11111111110011010001000100111110
11111111101010101010001000111000
11111111111111011000100011101000
11111111100110110101110010101010
11111111111001100011010100010110
11111111101100100100101000101010
11111111110001010010000011110010
11111111110001001000111001110000
11111111101101011111011100010000
11111111101111110001110011110010
11111111101110010110100011110100
11111111101111100111010000010010
11111111101110100100010010110000
11111111101111100110010110111110
11111111101110101111000111100010
11111111101111101000010101001100
11111111101110111010011011110100
11111111101111101011110010100100
11111111101111000111000010100100
11111111101111110000110011101100
11111111101111010100010101111100
11111111101111111000000111100110
11111111101111100001111011111010
11111111110000000001101101001100
11111111101111110000010010011100
11111111110000001100111111100000
11111111101111111111111100000110
11111111110000011001101010110110
11111111110000010000111110001000
11111111110000100111110111110000
11111111110000100011001110000010
11111111110000110111110001011000
11111111110000110110011111110010
11111111110001001001100110100110
11111111110001001010100110111010
11111111110001011101010110100010
11111111110001011111110101010110
11111111110001110010100011101010
11111111110001110110101010100110
11111111110010001000110000111000
11111111110010001111001110111110
11111111110010100000001111101100
11111111110010101001000000001000
11111111110010111001011110010010
11111111110011000011100111111110
11111111110011010100011100011100
11111111110011011111010101110100
11111111110011110000110000100100
11111111110011111100011011100110
11111111110100001110001111000100
11111111110100011010110110111010
11111111110100101100110111101110
11111111110100111010100111000110
11111111110101001100011111100110
11111111110101011011110000110000
11111111110101101101001010101000
11111111110101111101110111000000
11111111110110001111011001001100
11111111110110100000011011011100
11111111110110110011001001111110
11111111110111000011110110110010
11111111110111010111101000111010
11111111110111101000110101101010
11111111110111111100011101100000
11111111111000001110111111110010
11111111111000100010011010100000
11111111111000110101011001000000
11111111111001001001110001001100
11111111111001011100010110000110
11111111111001110001011110011010
11111111111010000100110110101110
11111111111010011001000010000000
11111111111010101110010111111000
11111111111011000001100101011110
11111111111011010111011000011100
11111111111011101011111100111000
11111111111100000000000011100100
11111111111100010110110001001010
11111111111100101010000100011100
11111111111101000000100101001000
11111111111101010101100110001110
11111111111101101010010001101010
11111111111110000000111001001000
11111111111110010101010111111000
11111111111110101011001000101010
11111111111111000001010010001010
11111111111111010101101111001010
11111111111111101100010010010000
00000000000000000001100100001100
00000000000000010110100010101010
00000000000000101101001100100010
00000000000001000001101010110110
00000000000001010111011001101010
00000000000001101101100110111000
00000000000010000001010111010000
00000000000010011000010011100000
00000000000010101100100110001110
00000000000011000001010011110110
00000000000011010111111101000100
00000000000011101010101001011010
00000000000100000001001101011000
00000000000100010101010101110100
00000000000100101000110101001000
00000000000100111111010110010000
00000000000101010001001100110010
00000000000101100110110101011110
00000000000101111010100001000010
00000000000110001101000100011010
00000000000110100010011100111010
00000000000110110100000000110110
00000000000111001000000011100110
00000000000111011011000011011010
00000000000111101100110011001010
00000000001000000000011010100100
00000000001000010001101101001110
00000000001000100011111111111110
00000000001000110101111100101000
00000000001001000110110011111100
00000000001001011000101011100100
00000000001001101000111110001000
00000000001001111010000100000110
00000000001010001010001111111000
00000000001010011010000110111000
00000000001010101010100110100100
00000000001010111000110101000000
00000000001011001001011111101000
00000000001011010111000111001000
00000000001011100110000011000100
00000000001011110101000111111110
00000000001100000000111101100000
00000000001100010001001100100100
00000000001100011100001000010110
00000000001100101010000011111110
00000000001100110111010111110010
00000000001101000001010011111010
00000000001101010000001100001000
00000000001101011001001000100110
00000000001101100101100110110100
00000000001101110000110101011010
00000000001101111001100100110000
00000000001110000110000001111000
00000000001110001101110010000000
00000000001110011000010011100010
00000000001110100001010111101010
00000000001110101001010001110110
00000000001110110010110010110110
00000000001110111001110000101010
00000000001111000010000100111000
00000000001111001001000110110110
00000000001111010000000011001000
00000000001111010110110010000100
00000000001111011100111000010100
00000000001111100010111010011010
00000000001111101000010111100010
00000000001111101101101100001000
00000000001111110010011010101010
00000000001111110111001101110010
00000000001111111011000001101100
00000000001111111111011011001110
00000000010000000010011110100100
00000000010000000101111111101010
00000000010000001001000101110110
00000000010000001010111101111100
00000000010000001110011100011010
00000000010000001111001101101000
00000000010000010001101101010100
00000000010000010011001011001010
00000000010000010011010110111110
00000000010000010101101101111010
00000000010000010100110110100100
00000000010000010101111110010100
00000000010000010011110010100010
00000000010000011101011010100010
00000000001111111001111101001110
00000000001101011100010001011010
00000000001111100111101101110000
00000000001101111001001111000110
00000000001010010100001000101110
00000000010010001011111010111100
00000000000010001101011111110100
00000000010110101100010000011110
00000000000011101101010001001100
00000000001010001011100000001010
00000000010100000001011111101110
11111111111000111000111100111100
00000000011010110011110011011010
11111111111100100101110101101000
00000000001111011100001110100010
00000000000001001010100010000100
00000000010010110011011000011010
11111111101111000100001100100100
00000000011110111000100010000110
11111111111010111111110011010010
11111111100111010100101100011000
00000001010111111011010100101100
11111110000001011101111010101000
00000010010000100110111010011010
11111110100010010101110000111100
00000000000000100000110011100100
00000001111110101111000111011110
11111100011110010011111111101110
00000100000111000010001011101110
11111100101100100100110111011110
00000001010010110011011010000010
00000001001010001000011111111110
11111100101101011000110011001010
00000100001001101110110010110100
11111100001101001000011111010110
00000010000110111111001001000100
11111111110000110011011010011110
11111110011001111001011010110000
00000010010010110011011011101010
11111101100101111110000100110110
00000001100000100100110100110110
11111111001101110111101011010000
11111111110101101110010010001010
00000000010100000101011001000110
11111111011001101111100110011000
00000000001100110111001011100010
11111111100110111011100000101000
00000000000010100010000110000000
11111111100101010101101010000110
00000000000111111101000100011010
11111111100011001111011011110010
11111111111101111011011110001100
11111111110011010000110100100100
11111111101010101011000100011000
11111111111111010111000011100110
11111111100110110111001111101000
11111111111001100010010001001100
11111111101100100100110100011110
11111111110001010010100110010110
11111111110001000111110011000110
11111111101101100000100001100110
11111111101111110000111011110010
11111111101110010110111010110010
11111111101111100111001001111100
11111111101110100100001010101010
11111111101111100110011000000100
11111111101110101111000011100110
11111111101111101000011101000100
11111111101110111001111011000000
11111111101111101100100111101110
11111111101111000101111100110010
11111111101111110001101100100100
11111111101111010011111010001010
11111111101111110111101110001110
11111111101111100010111111000100
11111111110000000000001010010100
11111111101111110001101110000110
11111111110000001011111111011010
11111111110000000000000011110000
11111111110000011010010101101110
11111111110000001111101000001010
11111111110000101001010111001000
11111111110000100001111100000000
11111111110000111000010111000000
11111111110000110110101011011000
11111111110001001000100111100110
11111111110001001011111100101010
11111111110001011100000010010100
11111111110001100000100010110110
11111111110001110010100100000110
11111111110001110101110101001110
11111111110010001001111011000010
11111111110010001110000110001000
11111111110010100000110001011000
11111111110010101001000111001000
11111111110010111000101101111100
11111111110011000100011111000110
11111111110011010011101111110100
11111111110011011111011011000100
11111111110011110001000110111000
11111111110011111011110000111100
11111111110100001110101000000000
11111111110100011010110100010010
11111111110100101100010010111110
11111111110100111011010100001010
11111111110101001011110100010010
11111111110101011011110101010110
11111111110101101101100101110000
11111111110101111100110101110100
11111111110110010000010111111110
11111111110110011111100111100110
11111111110110110011010001110110
11111111110111000100001100101010
11111111110111010110110001010110
11111111110111101001101001101110
11111111110111111011101100111100
11111111111000001111010011010000
11111111111000100010010001110000
11111111111000110101001001111010
11111111111001001001111101101010
11111111111001011011111010111110
11111111111001110001110100101110
11111111111010000100010011100000
11111111111010011001011010000100
11111111111010101101111110100000
11111111111011000001011110111010
11111111111011010111101110100010
11111111111011101011000101100010
11111111111100000000110100110010
11111111111100010110000110010010
11111111111100101001111101000000
11111111111101000001001001011100
11111111111101010100010111111010
11111111111101101011010010001100
11111111111110000000001011101000
11111111111110010101000010011100
11111111111110101100000100011000
11111111111110111111101110001100
11111111111111010110111000111000
11111111111111101011101010011100
00000000000000000000111101000010
00000000000000010111101101011110
00000000000000101011100001010110
00000000000001000010101100010000
00000000000001010111000010111010
00000000000001101100101111000110
00000000000010000010100110011100
00000000000010010110110100010110
00000000000010101101001111001000
00000000000011000001010011001100
00000000000011010110111010100100
00000000000011101011110000111100
00000000000100000000000101001100
00000000000100010101100011110100
00000000000100101001000100001110
00000000000100111110011000100100
00000000000101010001111100010000
00000000000101100110001010110100
00000000000101111010011100001110
00000000000110001101001110101100
00000000000110100001111010010110
00000000000110110100001001110100
00000000000111000111110101001010
00000000000111011010111010011100
00000000000111101100100101011000
00000000001000000000100001110010
00000000001000010001010000010110
00000000001000100100000010100110
00000000001000110101111111101100
00000000001001000110000111000110
00000000001001011001001111101010
00000000001001101000011000000100
00000000001001111001110110100010
00000000001010001010101111001010
00000000001010011001000101101100
00000000001010101011000010110010
00000000001010111000110011011110
00000000001011001000011110101010
00000000001011011000001100011110
00000000001011100101000001011100
00000000001011110100111100100110
00000000001100000001111110010000
00000000001100001111001111000000
00000000001100011101101001010000
00000000001100101001010001000000
00000000001100110110011101110100
00000000001101000011000101011100
00000000001101001101110000011000
00000000001101011010101010011000
00000000001101100101000101010110
00000000001101101111101010001010
00000000001101111011010101110110
00000000001110000011111001100110
00000000001110001110111101101100
00000000001110010111110111100010
00000000001110100000101000001100
00000000001110101010001101001000
00000000001110110001100101101000
00000000001110111010011000000010
00000000001111000001100010010100
00000000001111001001000111000100
00000000001111001111111000110110
00000000001111010110100011110110
00000000001111011100111011110100
00000000001111100010011001001010
00000000001111101000101100100010
00000000001111101101000101001100
00000000001111110010100011011010
00000000001111110111000000011100
00000000001111111010101111111110
00000000001111111111011010110010
00000000010000000010010001001110
00000000010000000101110000110010
00000000010000001000111111101110
00000000010000001010111000101100
00000000010000001101111011110100
00000000010000001111100010110110
00000000010000010001000101000100
00000000010000010011001010111100
00000000010000010011011000000100
00000000010000010101000101000000
00000000010000010101001010010000
