00000000000000000000000000000000
00000000000000000000000000000000
00000000000000000000000000000000
00000000000000000000000000000000
00000000000000000000000000000000
00000000000000000000000000000000
00000000000000000000000000000000
00000000000000000000000000000000
00000000000000000000000000000000
00000000000000000000000000000000
00000000000000000000000000000000
00000000000000000000000000000000
00000000000000000000000000000000
00000000000000000000000000000000
00000000000000000000000000000000
00000000000000000000000000000000
00000000000000000000000000000000
00000000000000000000000000000000
00000000000000000000000000000000
00000000000000000000000000000000
00000000000000000000000000000000
00000000000000000000000000000000
00000000000000000000001000100000
00000000000000000000001010101100
00000000000000000000000001100110
00000000000000000000000100001110
00000000000000000000001000101101
11111111111111111111111111011101
11111111111111111111110101001011
11111111111111111111100111010100
11111111111111111111011001111010
11111111111111111111100101000011
11111111111111111111000111001010
11111111111111111101110010001101
11111111111111111110010001000110
11111111111111111111010010110000
11111111111111111100110001010100
11111111111111111011000110010010
11111111111111111110001010101111
11111111111111111101101011100101
11111111111111111000010111110110
11111111111111111001100010110100
11111111111111111101100101010001
11111111111111111000111111100110
11111111111111110100110001011110
11111111111111111001011000101110
11111111111111111010001010010001
11111111111111110011111010001010
11111111111111110011101100001010
11111111111111110111011011011111
11111111111111110101000001000111
11111111111111110001100111010001
11111111111111110010011111101110
11111111111111110010111111110011
11111111111111110001111011001110
11111111111111110000100101110111
11111111111111101110110101001100
11111111111111101111100100100100
11111111111111110001001011001111
11111111111111101101110110001001
11111111111111101011000101110101
11111111111111101110111011010101
11111111111111101111101111011111
11111111111111101001111100010100
11111111111111101001110111001101
11111111111111101111000111111100
11111111111111101100111110111100
11111111111111100111111011111111
11111111111111101010110011110110
11111111111111101110010111010100
11111111111111101010111001001011
11111111111111101000011010110010
11111111111111101011100111001101
11111111111111101101000101010000
11111111111111101010010110010011
11111111111111101001011110010011
11111111111111101011110110000010
11111111111111101100101101010011
11111111111111101011000011010000
11111111111111101010110100001101
11111111111111101100110000100000
11111111111111101101011010101001
11111111111111101100011011100011
11111111111111101100111000100110
11111111111111101110100101000011
11111111111111101111000011101011
11111111111111101110111010100111
11111111111111101111111001011110
11111111111111110001001101110101
11111111111111110001110110111011
11111111111111110010011111111101
11111111111111110011100101111010
11111111111111110100101111100111
11111111111111110101111000110110
11111111111111110110111001010101
11111111111111110111100011100110
11111111111111111001000001011011
11111111111111111011001010010111
11111111111111111011010110001010
11111111111111111011010000010010
11111111111111111110101010010001
00000000000000000000110111000110
11111111111111111110011100011101
11111111111111111111101110010011
00000000000000000101011010110000
00000000000000000100011111101100
00000000000000000000111110001100
00000000000000000101111100100101
00000000000000001010001111111100
00000000000000000101110010011010
00000000000000000101010111001100
00000000000000001011110101100000
00000000000000001011111101111011
00000000000000001000001110000110
00000000000000001011010001011011
00000000000000001111001000010100
00000000000000001101011100100011
00000000000000001100111101100000
00000000000000001111110100111110
00000000000000010001000001110100
00000000000000010000101010000000
00000000000000010001100101011001
00000000000000010011000001010110
00000000000000010011111001011010
00000000000000010100101000110001
00000000000000010101011111000101
00000000000000010110010011110110
00000000000000010111001100011011
00000000000000011000011000100100
00000000000000011001000011111110
00000000000000011001000011001111
00000000000000011010011001001101
00000000000000011100010011010011
00000000000000011011100011011011
00000000000000011011001010101111
00000000000000011110010110100101
00000000000000011111010100101011
00000000000000011100110101010110
00000000000000011110100110100100
00000000000000100010010101000110
00000000000000100000100010100111
00000000000000011110111110011101
00000000000000100010111000111110
00000000000000100100001101110110
00000000000000100001100011110101
00000000000000100010101010011001
00000000000000100101101111010001
00000000000000100100111010110001
00000000000000100100000100001101
00000000000000100101111011111100
00000000000000100110111010001000
00000000000000100110011000000111
00000000000000100110110111101101
00000000000000100111101111111101
00000000000000101000001000000111
00000000000000101000011000101100
00000000000000101000110000001100
00000000000000101001001011100010
00000000000000101001101010100000
00000000000000101001111010010011
00000000000000101010001001101100
00000000000000101010100100001110
00000000000000101010111011001101
00000000000000101011000011000011
00000000000000101011010110100110
00000000000000101011101001100000
00000000000000101011110011101111
00000000000000101100000000101100
00000000000000101100001111101101
00000000000000101100011011010111
00000000000000101100100011000110
00000000000000101100101110001110
00000000000000101100110111111010
00000000000000101100111101110001
00000000000000101101000011111111
00000000000000101101001100110011
00000000000000101101010000000001
00000000000000101101010001100000
00000000000000101101010111111110
00000000000000101101011100001001
00000000000000101101011000011011
00000000000000101101011001101001
00000000000000101101011110111111
00000000000000101101011011011111
00000000000000101101010100110011
00000000000000101101010111010000
00000000000000101101010111010100
00000000000000101101001101110000
00000000000000101101001000000011
00000000000000101101001000111101
00000000000000101101000001110001
00000000000000101101001111011000
00000000000000101010111101000000
00000000000000110011001101000110
00000000000000111101101010010110
00000000000000011001010001110001
00000000000000100111110110100111
00000000000000111011011110011101
00000000000000100001101101001011
00000000000000011001001101100100
00000000000000100000001110001100
00000000000000001011100101011100
00000000000000110111000101001110
00000000000000111110100011000101
11111111111110011011100111100110
11111111111111110111001110100000
00000000000100000011111010100100
11111111111110110110010111010010
11111111111010110100101110101010
00000000000100110111010100001001
00000000000101011001000000000111
11111111110111100101111101011111
11111111111101010001001011001011
00000000001011010011100111101101
11111111111110010111110100110000
11111111110100011110110101111011
00000000000110010010011110001001
00000000001000111101001001001111
11111111110110010001001000110111
11111111111011010111001010101101
00000000001001111101101101001001
00000000000000000000101101001011
11111111110111100001000011001001
00000000000010100011011111000110
00000000000100100101111011011111
11111111111100001111110000101000
11111111111101101110100111100110
00000000000010010101010001011001
11111111111111110000110010011000
11111111111110011100111001001100
11111111111111101111101100101111
11111111111111101011100110111011
11111111111111010101101011000110
11111111111111100100001011011001
11111111111111000110101011101001
11111111111111001001101001110101
11111111111111100010000100010001
11111111111111010001001011000110
11111111111110111010011100111001
11111111111111010111001010010101
11111111111111010000101001101111
11111111111111001111100001001000
11111111111111010001110010100111
11111111111111001111011100101100
11111111111111010001100001000001
11111111111111001111100111111101
11111111111111010001011101101011
11111111111111001111111000101001
11111111111111010001010111001011
11111111111111010000000110000110
11111111111111010001011100101010
11111111111111010000011100110110
11111111111111010001100000001110
11111111111111010000101011100110
11111111111111010001110001011100
11111111111111010001001010011110
11111111111111010001111001100001
11111111111111010001011110111101
11111111111111010010011010000000
11111111111111010001111111110101
11111111111111010010100111000100
11111111111111010010100010110111
11111111111111010011010000001100
11111111111111010011000010011001
11111111111111010011101100001000
11111111111111010011110001101110
11111111111111010100010101000000
11111111111111010100011001011011
11111111111111010101000010001101
11111111111111010101001010100110
11111111111111010101101111110101
11111111111111010110000001101110
11111111111111010110100100001001
11111111111111010110110101010010
11111111111111010111011111110000
11111111111111010111110101000111
11111111111111011000010111010010
11111111111111011000110100001100
11111111111111011001011101010010
11111111111111011001110110100001
11111111111111011010011111010000
11111111111111011011000001000010
11111111111111011011101000010101
11111111111111011100001011001000
11111111111111011100110111000111
11111111111111011101011001011100
11111111111111011110000101110101
11111111111111011110110000010000
11111111111111011111011010001111
11111111111111100000000001111010
11111111111111100000110101001100
11111111111111100001011111111010
11111111111111100010001011000110
11111111111111100010111100001000
11111111111111100011110000000001
11111111111111100100011010010011
11111111111111100101001101010001
11111111111111100110000011000000
11111111111111100110110011000111
11111111111111100111100011101011
11111111111111101000011110001110
11111111111111101001010000101011
11111111111111101010000001110001
11111111111111101010111100110001
11111111111111101011110110011111
11111111111111101100100101100100
11111111111111101101011111010101
11111111111111101110011111000001
11111111111111101111010011000000
11111111111111110000000110011100
11111111111111110001001000000011
11111111111111110010000100001101
11111111111111110010110111011001
11111111111111110011110010110111
11111111111111110100110100001100
11111111111111110101101101001011
11111111111111110110100110001000
11111111111111110111100100010000
11111111111111111000100001001111
11111111111111111001011101011000
11111111111111111010011011001001
11111111111111111011010101011101
11111111111111111100010001101001
11111111111111111101010011101011
11111111111111111110010000010001
11111111111111111111000110010011
00000000000000000000000110011001
00000000000000000001001011010001
00000000000000000010000010100101
00000000000000000010111000000111
00000000000000000011111101010110
00000000000000000100111111001110
00000000000000000101110001101010
00000000000000000110101011101000
00000000000000000111110001111011
00000000000000001000101100101100
00000000000000001001011111011101
00000000000000001010011110010010
00000000000000001011011110110001
00000000000000001100010100010001
00000000000000001101001100100001
00000000000000001110001010011001
00000000000000001111000001110101
00000000000000001111111000110010
00000000000000010000110100111110
00000000000000010001101010100001
00000000000000010010011101011111
00000000000000010011011010000000
00000000000000010100010010000110
00000000000000010100111110100000
00000000000000010101110100110010
00000000000000010110110010100111
00000000000000010111011111110011
00000000000000011000001010000001
00000000000000011001000101111010
00000000000000011001111011101111
00000000000000011010011111111000
00000000000000011011001111100000
00000000000000011100001010001011
00000000000000011100110011001111
00000000000000011101010110111100
00000000000000011110001011001011
00000000000000011110111011110101
00000000000000011111011101001001
00000000000000100000000101101000
00000000000000100000110110000111
00000000000000100001011011100101
00000000000000100001111101001110
00000000000000100010100110100100
00000000000000100011001101010100
00000000000000100011101110010011
00000000000000100100010001010010
00000000000000100100110100001011
00000000000000100101010100100001
00000000000000100101110101000001
00000000000000100110010011010110
00000000000000100110101111111001
00000000000000100111001110110011
00000000000000100111101010111010
00000000000000101000000010011100
00000000000000101000011101101111
00000000000000101000111001010011
00000000000000101001001101010001
00000000000000101001100010101011
00000000000000101001111101000111
00000000000000101010010000001110
00000000000000101010011111001000
00000000000000101010110101010100
00000000000000101011001001100111
00000000000000101011010101001101
00000000000000101011100100000010
00000000000000101011110110111011
00000000000000101100000010111110
00000000000000101100001100101000
00000000000000101100011010000011
00000000000000101100100101001110
00000000000000101100101101110101
00000000000000101100110110111011
00000000000000101100111101100000
00000000000000101101000100010101
00000000000000101101001100101110
00000000000000101101001111011011
00000000000000101101010001001110
00000000000000101101011000110010
00000000000000101101011011000100
00000000000000101101010111100000
00000000000000101101011011100010
00000000000000101101011110110101
00000000000000101101011000000101
00000000000000101101010110100100
00000000000000101101011010010111
00000000000000101101010011100010
00000000000000101101001011011111
00000000000000101101001100110101
00000000000000101101001001001001
00000000000000101100111100110010
00000000000000101101010000011101
00000000000000101011000000111010
00000000000000110011001010111011
00000000000000111101100111011001
00000000000000011001010011101110
00000000000000100111111000101000
00000000000000111011011100011011
00000000000000100001101011001011
00000000000000011001001111001110
00000000000000100000001111111100
00000000000000001011100011010010
00000000000000110111000011010011
00000000000000111110100101001100
11111111111110011011101001000010
11111111111111110111001011111001
00000000000100000011111001000011
11111111111110110110011001110011
11111111111010110100101111111001
00000000000100110111010001000110
00000000000101011000111110110110
11111111110111100110000000101010
11111111111101010001001011110001
00000000001011010011100100001000
11111111111110010111110100110001
11111111110100011110111001000000
00000000000110010010011101010100
00000000001000111101000110111111
11111111110110010001001001100001
11111111111011010111001011110110
00000000001001111101101101010000
00000000000000000000101100001101
11111111110111100001000001111001
00000000000010100011100000011101
00000000000100100101111101000000
11111111111100001111101110000011
11111111111101101110100110011111
00000000000010010101010100011001
11111111111111110000110001110001
11111111111110011100110110011010
11111111111111101111101110101000
11111111111111101011100111111100
11111111111111010101101000001101
11111111111111100100001100010011
11111111111111000110101110001000
11111111111111001001100110110100
11111111111111100010000010101111
11111111111111010001001111010110
11111111111110111010011100110010
11111111111111010111000101001100
11111111111111010000101011010011
11111111111111001111100110010011
11111111111111010001101111011000
11111111111111001111010111110001
11111111111111010001100101010100
11111111111111001111101011111000
11111111111111010001011000101100
11111111111111001111110101101011
11111111111111010001011011111111
11111111111111010000001000001110
11111111111111010001011000010001
11111111111111010000011010101000
11111111111111010001100100001101
11111111111111010000101110000100
11111111111111010001101100111011
11111111111111010001000111100111
11111111111111010001111111000000
11111111111111010001100000111111
11111111111111010010010011011001
11111111111111010001111111011000
11111111111111010010101101100111
11111111111111010010100001000001
11111111111111010011001010110101
11111111111111010011000101011010
11111111111111010011101111001001
11111111111111010011101110100000
11111111111111010100010011110000
11111111111111010100011011010001
11111111111111010101000010100100
11111111111111010101001001110010
11111111111111010101101110110001
11111111111111010110000010000011
11111111111111010110100101111010
11111111111111010110110011101111
11111111111111010111011101101011
11111111111111010111110111111100
11111111111111011000010111100110
11111111111111011000110000000011
11111111111111011001011111000111
11111111111111011001111001101000
11111111111111011010011010101001
11111111111111011011000000000100
11111111111111011011101101100101
11111111111111011100001000011110
11111111111111011100110010101010
11111111111111011101011110101000
11111111111111011110000111000010
11111111111111011110101001100110
11111111111111011111011100001101
11111111111111100000000111001011
11111111111111100000101111110100
11111111111111100001011100111011
11111111111111100010010001010101
11111111111111100010111011011100
11111111111111100011101010000011
11111111111111100100011101010001
11111111111111100101010000010110
11111111111111100101111110011101
11111111111111100110110010110011
11111111111111100111100110111000
11111111111111101000011011010011
11111111111111101001001111110000
11111111111111101010000101010110
11111111111111101010111001100100
11111111111111101011110011011010
11111111111111101100101011100011
11111111111111101101011111001100
11111111111111101110010110111000
11111111111111101111010110100000
11111111111111110000001101100110
11111111111111110001000000100001
11111111111111110001111110111011
11111111111111110011000000010010
11111111111111110011110100001111
11111111111111110100101010111000
11111111111111110101101110011110
11111111111111110110101101001101
11111111111111110111100000101001
11111111111111111000011100100000
11111111111111111001100000110010
11111111111111111010011100110100
11111111111111111011010010101000
11111111111111111100010000111111
11111111111111111101010100010001
11111111111111111110001111110110
11111111111111111111000110011110
00000000000000000000000101111110
00000000000000000001001001101100
00000000000000000010000010110000
00000000000000000010111001001110
00000000000000000011111100100101
00000000000000000100111101101101
00000000000000000101110001011011
00000000000000000110101100110100
00000000000000000111110010010011
00000000000000001000101010010001
00000000000000001001011110001111
00000000000000001010100001000111
00000000000000001011011111011011
00000000000000001100010000001000
00000000000000001101001011110110
00000000000000001110001110010011
00000000000000001111000001011011
00000000000000001111110100001111
00000000000000010000110100110110
00000000000000010001101110100010
00000000000000010010011101001001
00000000000000010011010100101101
00000000000000010100010010000011
00000000000000010101000100011101
00000000000000010101110011001110
00000000000000010110101010111101
00000000000000010111100011000110
00000000000000011000010001100001
00000000000000011000111111000011
00000000000000011001110100111010
00000000000000011010101001001001
00000000000000011011010010111110
00000000000000011011111110100011
00000000000000011100110011000011
00000000000000011101100010000110
00000000000000011110000111001010
00000000000000011110110001111010
00000000000000011111100011100010
00000000000000100000001100010001
00000000000000100000101110000011
00000000000000100001010111100110
00000000000000100010000100100101
00000000000000100010100111101001
00000000000000100011000110110111
00000000000000100011101110001001
00000000000000100100010101110111
00000000000000100100110011100100
00000000000000100101010000011110
00000000000000100101110101000101
00000000000000100110010110101101
00000000000000100110101111010111
00000000000000100111001010110010
00000000000000100111101011101110
00000000000000101000000110010100
00000000000000101000011011011001
00000000000000101000110101100000
00000000000000101001010000101100
00000000000000101001100101000010
00000000000000101001111000011011
00000000000000101010001111000110
00000000000000101010100011100111
00000000000000101010110100100011
00000000000000101011000101100011
00000000000000101011010110011100
00000000000000101011100110101101
00000000000000101011110101011100
00000000000000101100000000110000
00000000000000101100001101000010
00000000000000101100011100000100
00000000000000101100100101011000
00000000000000101100101010011101
00000000000000101100110110010101
00000000000000101101000010000111
00000000000000101101000011010101
00000000000000101101000110100111
00000000000000101101010010100100
00000000000000101101010110110010
00000000000000101101010010100010
00000000000000101101010111001100
00000000000000101101011111011111
00000000000000101101011011101000
00000000000000101101010110010110
00000000000000101101011011100100
00000000000000101101011100111101
00000000000000101101010011110011
00000000000000101101010000010001
00000000000000101101010010110101
00000000000000101101001100010111
00000000000000101101000010011110
00000000000000101100111111110111
00000000000000101101010101000000
00000000000000101010111100001011
00000000000000110011001000011001
00000000000000111101101100011001
00000000000000011001010011111111
00000000000000100111110011101011
00000000000000111011011101101000
00000000000000100001101111001000
00000000000000011001001100100000
00000000000000100000001101000110
00000000000000001011100110100110
00000000000000110111000100011100
00000000000000111110100010000011
11111111111110011011101001001100
11111111111111110111001101101110
00000000000100000011111000010001
11111111111110110110011001010011
11111111111010110100101111111011
00000000000100110111010000011101
00000000000101011001000000001010
11111111110111100110000001001101
11111111111101010001001000111011
00000000001011010011100100100010
11111111111110010111111000000101
11111111110100011110110111000100
00000000000110010010011010010100
00000000001000111101001001101001
11111111110110010001001011011100
11111111111011010111001000110111
00000000001001111101101011111010
00000000000000000000101110110010
11111111110111100001000010100001
00000000000010100011011101111110
00000000000100100101111100101010
11111111111100001111110000011111
11111111111101101110100110001000
00000000000010010101010001111101
11111111111111110000110011001011
11111111111110011100111000001011
11111111111111101111101011111010
11111111111111101011100111011001
11111111111111010101101011010101
11111111111111100100001010110011
11111111111111000110101010111101
11111111111111001001101001101011
11111111111111100010000100100110
11111111111111010001001011001011
11111111111110111010011011111000
11111111111111010111001001011101
11111111111111010000101010100100
11111111111111001111100001110001
11111111111111010001110000110110
11111111111111001111011011100100
11111111111111010001100010100100
11111111111111001111101000011001
11111111111111010001011011101100
11111111111111001111110111110011
11111111111111010001011000010010
11111111111111010000000110110000
11111111111111010001011011011001
11111111111111010000011010111011
11111111111111010001100001000110
11111111111111010000101101111000
11111111111111010001101111000100
11111111111111010001000111010000
11111111111111010001111100101001
11111111111111010001100000111000
11111111111111010010010101011010
11111111111111010001111111000001
11111111111111010010101010111100
11111111111111010010100001010010
11111111111111010011001101010000
11111111111111010011000100010110
11111111111111010011101011111011
11111111111111010011101111100001
11111111111111010100010110111110
11111111111111010100011000110010
11111111111111010100111110001000
11111111111111010101001101011010
11111111111111010101110010100110
11111111111111010101111011011000
11111111111111010110100010110100
11111111111111010110111100001111
11111111111111010111011101000101
11111111111111010111101101110110
11111111111111011000011011111100
11111111111111011000111000011011
11111111111111011001010110010111
11111111111111011001110100010111
11111111111111011010100101001011
11111111111111011011000000000110
11111111111111011011100011000101
11111111111111011100001100010101
11111111111111011100111010000100
11111111111111011101010111110010
11111111111111011110000010110000
11111111111111011110110000010111
11111111111111011111011100111010
11111111111111100000000001000111
11111111111111100000110000100100
11111111111111100001100000101010
11111111111111100010001111100111
11111111111111100010111001000010
11111111111111100011101010101011
11111111111111100100011110000011
11111111111111100101010000101110
11111111111111100101111101010100
11111111111111100110110000100010
11111111111111100111101000100100
11111111111111101000011110001010
11111111111111101001001011110101
11111111111111101010000010000101
11111111111111101010111111001101
11111111111111101011110100111000
11111111111111101100100011110110
11111111111111101101011111101011
11111111111111101110011110011110
11111111111111101111010010111001
11111111111111110000000110110001
11111111111111110001000101101110
11111111111111110010000011001011
11111111111111110010111010001011
11111111111111110011110001111001
11111111111111110100101111110010
11111111111111110101101110111111
11111111111111110110101001011000
11111111111111110111011111110100
11111111111111111000011110100111
11111111111111111001100010000101
11111111111111111010011010100010
11111111111111111011001111101010
11111111111111111100010011110010
11111111111111111101010111010011
11111111111111111110001010111010
11111111111111111111000011110111
00000000000000000000001100000001
00000000000000000001001001101110
00000000000000000001111011111111
00000000000000000010111011011010
00000000000000000100000001010110
00000000000000000100111001001011
00000000000000000101101110111110
00000000000000000110110001000010
00000000000000000111110001100001
00000000000000001000100111001101
00000000000000001001100000001000
00000000000000001010100001001001
00000000000000001011011101001110
00000000000000001100010001111111
00000000000000001101001011110101
00000000000000001110001010111101
00000000000000001111000011010010
00000000000000001111110110101001
00000000000000010000110000101100
00000000000000010001101101001000
00000000000000010010100001101000
00000000000000010011010100000000
00000000000000010100001101000100
00000000000000010101000101110111
00000000000000010101110111000100
00000000000000010110101000010001
00000000000000010111011111010100
00000000000000011000010011111010
00000000000000011001000001110010
00000000000000011001110001111011
00000000000000011010100110010000
00000000000000011011010101011011
00000000000000011100000000101101
00000000000000011100110000010001
00000000000000011101011111101001
00000000000000011110001001001011
00000000000000011110110011110001
00000000000000011111100001010101
00000000000000100000001001110100
00000000000000100000101111011110
00000000000000100001011001111100
00000000000000100010000010110011
00000000000000100010100100010101
00000000000000100011001000100110
00000000000000100011110001011001
00000000000000100100010010111000
00000000000000100100110000001011
00000000000000100101010100000101
00000000000000100101110111000100
00000000000000100110010010000111
00000000000000100110101110110000
00000000000000100111001110101000
00000000000000100111101010001000
00000000000000101000000011100011
00000000000000101000011101100101
00000000000000101000110101101011
00000000000000101001001110011000
00000000000000101001100110010110
00000000000000101001111000110001
00000000000000101010001100110111
00000000000000101010100100110110
00000000000000101010110101101010
00000000000000101011000010111100
00000000000000101011010111000110
00000000000000101011101000101011
00000000000000101011110010101001
00000000000000101100000000101001
00000000000000101100010000011010
00000000000000101100011001001001
00000000000000101100100010110010
00000000000000101100101111101011
00000000000000101100110110011010
00000000000000101100111011100100
00000000000000101101000110000101
00000000000000101101001100100001
00000000000000101101001101001000
00000000000000101101010010011010
00000000000000101101011001001100
00000000000000101101011001011000
00000000000000101101011000100011
00000000000000101101011011001010
00000000000000101101011100100011
00000000000000101101011010101011
00000000000000101101010111101001
00000000000000101101010101011000
00000000000000101101010100001101
00000000000000101101010000111000
00000000000000101101001001101010
00000000000000101101000011111110
00000000000000101101000001000100
00000000000000101101010100011011
00000000000000101010111011100101
00000000000000110011000111010100
00000000000000111101101101000101
00000000000000011001010110100110
00000000000000100111110001100011
00000000000000111011011010001101
00000000000000100001110011010010
00000000000000011001001111001011
00000000000000100000000110110111
00000000000000001011100101101111
00000000000000110111001011011001
00000000000000111110100000001001
11111111111110011011100010100100
11111111111111110111010001111000
00000000000100000011111101000001
11111111111110110110010011101010
11111111111010110100101101001101
00000000000100110111010110001001
00000000000101011001000000110000
11111111110111100101111100000100
11111111111101010001001001101001
00000000001011010011101000010110
11111111111110010111110110101001
11111111110100011110110100011101
00000000000110010010011011011110
00000000001000111101001011001100
11111111110110010001001010111001
11111111111011010111000111011011
00000000001001111101101011100100
00000000000000000000110000011110
11111111110111100001000011001011
00000000000010100011011011001101
00000000000100100101111100001000
11111111111100001111110011110101
11111111111101101110100101100000
00000000000010010101001110001101
11111111111111110000110100110001
11111111111110011100111011001001
11111111111111101111101001010000
11111111111111101011100101001100
11111111111111010101101110000011
11111111111111100100001011110010
11111111111111000110101000011101
11111111111111001001101001000010
11111111111111100010000110010001
11111111111111010001001011100101
11111111111110111010011010100010
11111111111111010111001000011101
11111111111111010000101011110011
11111111111111001111100011000111
11111111111111010001101110111100
11111111111111001111011001111110
11111111111111010001100101000111
11111111111111001111101001011010
11111111111111010001011000010011
11111111111111001111110111100011
11111111111111010001011011110010
11111111111111010000000101101011
11111111111111010001010111111100
11111111111111010000011100101101
11111111111111010001100011101011
11111111111111010000101011011001
11111111111111010001101100111111
11111111111111010001001001100011
11111111111111010001111110001110
11111111111111010001011110100000
11111111111111010010010011100000
11111111111111010010000001010101
11111111111111010010101100111010
11111111111111010010011110001101
11111111111111010011001010111101
11111111111111010011000111110010
11111111111111010011101101101001
11111111111111010011101011010100
11111111111111010100010101011101
11111111111111010100011100111001
11111111111111010100111110111110
11111111111111010101001000111101
11111111111111010101110001110010
11111111111111010101111111101011
11111111111111010110100011000110
11111111111111010110110111011001
11111111111111010111011101010011
11111111111111010111110010100010
11111111111111011000011010010101
11111111111111011000110011111111
11111111111111011001011000101111
11111111111111011001110111001111
11111111111111011010100001110111
11111111111111011010111110011000
11111111111111011011100101101110
11111111111111011100001100011111
11111111111111011100110111110010
11111111111111011101010111011101
11111111111111011110000100000110
11111111111111011110110000101101
11111111111111011111011010111001
11111111111111011111111111111111
11111111111111100000110011001011
11111111111111100001100000111100
11111111111111100010001011010011
11111111111111100010111001100001
11111111111111100011101111000101
11111111111111100100011011010011
11111111111111100101001100000011
11111111111111100110000001000111
11111111111111100110110011010111
11111111111111100111100011011000
11111111111111101000011100000110
11111111111111101001010000011101
11111111111111101010000010100010
11111111111111101010111010001111
11111111111111101011110100100100
11111111111111101100101000001001
11111111111111101101011110110010
11111111111111101110011001101100
11111111111111101111010100000010
11111111111111110000001010110010
11111111111111110001000011001001
11111111111111110001111111001100
11111111111111110010111100110000
11111111111111110011110100010010
11111111111111110100101100100100
11111111111111110101101100100101
11111111111111110110101011001110
11111111111111110111100001011101
11111111111111111000011100101010
11111111111111111001011110111011
11111111111111111010011011110001
11111111111111111011010011000110
11111111111111111100010000111101
11111111111111111101010010011011
11111111111111111110001110100000
11111111111111111111000111101110
00000000000000000000000110000111
00000000000000000001000110010110
00000000000000000010000010001000
00000000000000000010111100010110
00000000000000000011111010100011
00000000000000000100111001001100
00000000000000000101110100010100
00000000000000000110101111000100
00000000000000000111101100100010
00000000000000001000101001010001
00000000000000001001100011001100
00000000000000001010011110000010
00000000000000001011011010110001
00000000000000001100010100010010
00000000000000001101001100010110
00000000000000001110001000100111
00000000000000001111000011000001
00000000000000001111110111010001
00000000000000010000110000000111
00000000000000010001101101001011
00000000000000010010100001000010
00000000000000010011010010011110
00000000000000010100001110000111
00000000000000010101000111000011
00000000000000010101110100010011
00000000000000010110100110111100
00000000000000010111100010011010
00000000000000011000010011110101
00000000000000011000111101100111
00000000000000011001110010100001
00000000000000011010101001110110
00000000000000011011010011000101
00000000000000011011111101000101
00000000000000011100110011010001
00000000000000011101100001100000
00000000000000011110000100111011
00000000000000011110110011011010
00000000000000011111100100110110
00000000000000100000000111011100
00000000000000100000101101010001
00000000000000100001011101010111
00000000000000100010000001101010
00000000000000100010100000101110
00000000000000100011001100001101
00000000000000100011110010100001
00000000000000100100001101001110
00000000000000100100110001100100
00000000000000100101011000111101
00000000000000100101110010110100
00000000000000100110001110101011
00000000000000100110110011100011
00000000000000100111001111100010
00000000000000100111100101100010
00000000000000101000000011100101
00000000000000101000100000011101
00000000000000101000110101001101
00000000000000101001001100001100
00000000000000101001100101110000
00000000000000101001111010011010
00000000000000101010001101100110
00000000000000101010100010011100
00000000000000101010110100100110
00000000000000101011000101001101
00000000000000101011010111001010
00000000000000101011100110011101
00000000000000101011110010110101
00000000000000101100000001100100
00000000000000101100001111110110
00000000000000101100011001000100
00000000000000101100100010011000
00000000000000101100101110101001
00000000000000101100110111100001
00000000000000101100111100100100
00000000000000101101000011101100
00000000000000101101001011110011
00000000000000101101001111111011
00000000000000101101010010000000
00000000000000101101010110010100
00000000000000101101011010011111
00000000000000101101011010010101
00000000000000101101011001011101
00000000000000101101011011110110
00000000000000101101011011110111
00000000000000101101010110110110
00000000000000101101010100111010
00000000000000101101010101100100
00000000000000101101001111100011
00000000000000101101000111111111
00000000000000101101000110101000
00000000000000101101000001101111
00000000000000101101001111011000
00000000000000101011000000100010
00000000000000110010111100000111
00000000000000111101111000100110
00000000000000011001011011000100
00000000000000100111100101011100
00000000000000111011011111011110
00000000000000100001111100010001
00000000000000011001000111001110
00000000000000100000010101010010
00000000000000001011100110111100
00000000000000110110011010110100
00000000000000111111011001110101
11111111111110011100101100110000
11111111111111110100101000100100
00000000000100000011100101100100
11111111111110111010111101100001
11111111111010110010101001101100
00000000000100110001110010100010
00000000000101011110100111111110
11111111110111101010011100010111
11111111111101001000001010010101
00000000001011010010100100010110
11111111111110100010010101111111
11111111110100011011011111101101
00000000000110001000111101110100
00000000001001000100100011011110
11111111110110010111000010101100
11111111111011001110001011100110
00000000001001111011111110001110
00000000000000001001000010000111
11111111110111011111001100100110
00000000000010011110000000110010
00000000000100101001001010101100
11111111111100010010010110011000
11111111111101101011100110011011
00000000000010010100111100110100
11111111111111110010011000010001
11111111111110011100100101101100
11111111111111101111001110000011
11111111111111101011111100100011
11111111111111010101100100011000
11111111111111100100001110100000
11111111111111000110110110101100
11111111111111001001100010000101
11111111111111100001111001111011
11111111111111010001011101110000
11111111111110111010010110110011
11111111111111010111000110100000
11111111111111010000101000001111
11111111111111001111011111101000
11111111111111010001110111110010
11111111111111001111011000100001
11111111111111010001011110110011
11111111111111001111101010000101
11111111111111010001011111111100
11111111111111001111110010110111
11111111111111010001010111001111
11111111111111010000001001110001
11111111111111010001011100000001
11111111111111010000010110011100
11111111111111010001100010011111
11111111111111010000110000000011
11111111111111010001101101011100
11111111111111010001000100001001
11111111111111010001111111001110
11111111111111010001100010001000
11111111111111010010010010001101
11111111111111010001111101000100
11111111111111010010101110111100
11111111111111010010100001000001
11111111111111010011001000011111
11111111111111010011000100111100
11111111111111010011110000100011
11111111111111010011101100010000
11111111111111010100010010011111
11111111111111010100011100101111
11111111111111010101000000111011
11111111111111010101000111010001
11111111111111010101110001011010
11111111111111010110000001001001
11111111111111010110100001000101
11111111111111010110110110000101
11111111111111010111100000110011
11111111111111010111110001011100
11111111111111011000010101101101
11111111111111011000110110101001
11111111111111011001011100100011
11111111111111011001110010001110
11111111111111011010011111000110
11111111111111011011000011110000
11111111111111011011100110011010
11111111111111011100000110101010
11111111111111011100111000001100
11111111111111011101011100001110
11111111111111011110000010000011
11111111111111011110101100000110
11111111111111011111011101100101
11111111111111100000000011000111
11111111111111100000101110110001
11111111111111100001011110110001
11111111111111100010010000010111
11111111111111100010111000101010
11111111111111100011101001010100
11111111111111100100011110110001
11111111111111100101010000000111
11111111111111100101111010011010
11111111111111100110110001110001
11111111111111100111101010111011
11111111111111101000011001101101
11111111111111101001001001000011
11111111111111101010000111100010
11111111111111101010111110111110
11111111111111101011101101101000
11111111111111101100100101101100
11111111111111101101100101000101
11111111111111101110011001100011
11111111111111101111001110011110
11111111111111110000001011010111
11111111111111110001000110111010
11111111111111110001111101111000
11111111111111110010111001011010
11111111111111110011110101000100
11111111111111110100101110111000
11111111111111110101101011010101
11111111111111110110101001001000
11111111111111110111100010001111
11111111111111111000011101100110
11111111111111111001011101111101
11111111111111111010011011000100
11111111111111111011010011000110
11111111111111111100010000110111
11111111111111111101010010101111
11111111111111111110001110000010
11111111111111111111000110100000
00000000000000000000000110101110
00000000000000000001000111001100
00000000000000000010000000100001
00000000000000000010111011100111
00000000000000000011111100001100
00000000000000000100111000100110
00000000000000000101110010011110
00000000000000000110110000011101
00000000000000000111101101000101
00000000000000001000100110100111
00000000000000001001100011111111
00000000000000001010100000010110
00000000000000001011010111011011
00000000000000001100010010111010
00000000000000001101010000111111
00000000000000001110000110111110
00000000000000001110111101110000
00000000000000001111111011100011
00000000000000010000110011001010
00000000000000010001100110011000
00000000000000010010100000101101
00000000000000010011011001000111
00000000000000010100001010111011
00000000000000010101000001100101
00000000000000010101111001000000
00000000000000010110101001011001
00000000000000010111011100111111
00000000000000011000010011001010
00000000000000011001000001110001
00000000000000011001110001100111
00000000000000011010100110001101
00000000000000011011010100001010
00000000000000011011111111111001
00000000000000011100110000111100
00000000000000011101011110110101
00000000000000011110001000010000
00000000000000011110110100001111
00000000000000011111011111111100
00000000000000100000001000111010
00000000000000100000110001100010
00000000000000100001011000010100
00000000000000100001111111001100
00000000000000100010100111011011
00000000000000100011001010011100
00000000000000100011101011101000
00000000000000100100010010010100
00000000000000100100110101011000
00000000000000100101010001011101
00000000000000100101110010010101
00000000000000100110010101011000
00000000000000100110110000100000
00000000000000100111001010110000
00000000000000100111101001101000
00000000000000101000000101001101
00000000000000101000011100011101
00000000000000101000110101001110
00000000000000101001001110010101
00000000000000101001100100101111
00000000000000101001111001011011
00000000000000101010001110000010
00000000000000101010100010001010
00000000000000101010110100100100
00000000000000101011000101100011
00000000000000101011010110000101
00000000000000101011100101110111
00000000000000101011110100001111
00000000000000101100000001100000
00000000000000101100001101110100
00000000000000101100011001010110
00000000000000101100100100010101
00000000000000101100101101011100
00000000000000101100110101011010
00000000000000101100111110000111
00000000000000101101000100111100
00000000000000101101001001100001
00000000000000101101001111001001
00000000000000101101010011111110
00000000000000101101010110000111
00000000000000101101011000101000
00000000000000101101011010101111
00000000000000101101011010101000
00000000000000101101011011001011
00000000000000101101011010111010
00000000000000101101010111001110
00000000000000101101010101100111
00000000000000101101010101010011
00000000000000101101001110100100
00000000000000101101000111111011
00000000000000101101000111111000
00000000000000101101000001101011
00000000000000101101001101010100
00000000000000101011000000101110
00000000000000110010111110101100
00000000000000111101110111100000
00000000000000011001010111110110
00000000000000100111100111010001
00000000000000111011100010011010
00000000000000100001111001010001
00000000000000011001000100100010
00000000000000100000011000101001
00000000000000001011101000110010
00000000000000110110010111001010
00000000000000111111011000010111
11111111111110011100101111110111
11111111111111110100101001100110
00000000000100000011100010110010
11111111111110111010111011110111
11111111111010110010101011111010
00000000000100110001110100110110
00000000000101011110100101010001
11111111110111101010011000110100
11111111111101001000001101101111
00000000001011010010101000011000
11111111111110100010010000101011
11111111110100011011011011011101
00000000000110001001000100111010
00000000001001000100100110010000
11111111110110010110111001101101
11111111111011001110001011000100
00000000001001111100000111011100
00000000000000001000111111011000
11111111110111011111000100100101
00000000000010011110000110000001
00000000000100101001001111010110
11111111111100010010010000000110
11111111111101101011100101101001
00000000000010010101000001011000
11111111111111110010010101011010
11111111111110011100100100011001
11111111111111101111010001111010
11111111111111101011111001001101
11111111111111010101100001100100
11111111111111100100010101001000
11111111111111000110110101111000
11111111111111001001011001111110
11111111111111100001111110101010
11111111111111010001100100100000
11111111111110111010001110101011
11111111111111010111000010111010
11111111111111010000110001010111
11111111111111001111011111001101
11111111111111010001101111101001
11111111111111001111011011110000
11111111111111010001100100000000
11111111111111001111100101001011
11111111111111010001011101110010
11111111111111001111110111001111
11111111111111010001010110011000
11111111111111010000000110110011
11111111111111010001011110000101
11111111111111010000010111001000
11111111111111010001100000001111
11111111111111010000110000110101
11111111111111010001101110100100
11111111111111010001000010011110
11111111111111010001111111010110
11111111111111010001100011010111
11111111111111010010010000111101
11111111111111010001111100101100
11111111111111010010110000010111
11111111111111010010100000001000
11111111111111010011000111001110
11111111111111010011000110010111
11111111111111010011110000111011
11111111111111010011101010011010
11111111111111010100010010101101
11111111111111010100011101111100
11111111111111010101000000001110
11111111111111010101000110101110
11111111111111010101110001100000
11111111111111010110000000110010
11111111111111010110100010001010
11111111111111010110110110011100
11111111111111010111011101111011
11111111111111010111110001111101
11111111111111011000011001101101
11111111111111011000110011110111
11111111111111011001011000000101
11111111111111011001110111011000
11111111111111011010100001110110
11111111111111011010111100010100
11111111111111011011100110011101
11111111111111011100001110000111
11111111111111011100110100010111
11111111111111011101010110011111
11111111111111011110001000010110
11111111111111011110101110001000
11111111111111011111010110010100
11111111111111100000000100110001
11111111111111100000110100011110
11111111111111100001011010000111
11111111111111100010001100111000
11111111111111100010111110000101
11111111111111100011101010001101
11111111111111100100011001010101
11111111111111100101010000001010
11111111111111100101111110110011
11111111111111100110110001001001
11111111111111100111100110011111
11111111111111101000011001101111
11111111111111101001001101101010
11111111111111101010000111000101
11111111111111101010111001000101
11111111111111101011101110100001
11111111111111101100101011110001
11111111111111101101100010100001
11111111111111101110010011001011
11111111111111101111010001111100
11111111111111110000010000100010
11111111111111110001000001111111
11111111111111110001111001100111
11111111111111110010111110010001
11111111111111110011110111001100
11111111111111110100101001111000
11111111111111110101101010010011
11111111111111110110101100100001
11111111111111110111100001100110
11111111111111111000011011010101
11111111111111111001011110100000
11111111111111111010011010111011
11111111111111111011010010100000
11111111111111111100010001111000
11111111111111111101010001011011
11111111111111111110001100000000
11111111111111111111001000101010
00000000000000000000000111010000
00000000000000000001000011011101
00000000000000000010000000110010
00000000000000000010111110001110
00000000000000000011111001011111
00000000000000000100110110110011
00000000000000000101110101001110
00000000000000000110101111010000
00000000000000000111101010000111
00000000000000001000101001000101
00000000000000001001100100100011
00000000000000001010011100000101
00000000000000001011011000001110
00000000000000001100010110001001
00000000000000001101001101111010
00000000000000001110000100001110
00000000000000001111000000100000
00000000000000001111111100010010
00000000000000010000110000010101
00000000000000010001100101001110
00000000000000010010100001111011
00000000000000010011011010000010
00000000000000010100001001001010
00000000000000010100111111000010
00000000000000010101111010110111
00000000000000010110101011100111
00000000000000010111011000111001
00000000000000011000010001000100
00000000000000011001000110011110
00000000000000011001110000110110
00000000000000011010100000110101
00000000000000011011010110011101
00000000000000011100000010111100
00000000000000011100101100100111
00000000000000011101011101001111
00000000000000011110001011011110
00000000000000011110110011000101
00000000000000011111011101010100
00000000000000100000001010000110
00000000000000100000110001100001
00000000000000100001010110111100
00000000000000100001111111110101
00000000000000100010100110101110
00000000000000100011001000101000
00000000000000100011101101000000
00000000000000100100010010111011
00000000000000100100110010011001
00000000000000100101010000111100
00000000000000100101110100111101
00000000000000100110010100011100
00000000000000100110101101000111
00000000000000100111001011011111
00000000000000100111101100010000
00000000000000101000000011001011
00000000000000101000011001011001
00000000000000101000110111001011
00000000000000101001001111111010
00000000000000101001100001101011
00000000000000101001111000010000
00000000000000101010001111110110
00000000000000101010100001100000
00000000000000101010110011001111
00000000000000101011000101110010
00000000000000101011010101000010
00000000000000101011100101100110
00000000000000101011110101100111
00000000000000101011111111001001
00000000000000101100001011101100
00000000000000101100011100110010
00000000000000101100100011111011
00000000000000101100101000010110
00000000000000101100110111100010
00000000000000101101000001011001
00000000000000101100111111111111
00000000000000101101000111101111
00000000000000101101010011110110
00000000000000101101010010010110
00000000000000101101010001011101
00000000000000101101011011001000
00000000000000101101011100110101
00000000000000101101010110101000
00000000000000101101011001100001
00000000000000101101011101101011
00000000000000101101010111001101
00000000000000101101010010000110
00000000000000101101010100011010
00000000000000101101010001001100
00000000000000101101000111110100
00000000000000101101000011100101
00000000000000101101000001001100
00000000000000101101010001010011
00000000000000101010111111000110
00000000000000110010111001010101
00000000000000111101111001001101
00000000000000011001011011110111
00000000000000100111100011010001
00000000000000111011011110011001
00000000000000100001111100111000
00000000000000011001000110011100
00000000000000100000010100011100
00000000000000001011100111010111
00000000000000110110011001101110
00000000000000111111011000101010
11111111111110011100101110110000
11111111111111110100101000011001
00000000000100000011100001100000
11111111111110111010111111000111
11111111111010110010101101111000
00000000000100110001101101101100
00000000000101011110100100011011
11111111110111101010100011010100
11111111111101001000001010101010
00000000001011010010011100001100
11111111111110100010011001010000
11111111110100011011100110001001
00000000000110001000110111001101
00000000001001000100100000100001
11111111110110010111001010011111
11111111111011001110001010001101
00000000001001111011110111111010
00000000000000001001000111001000
11111111110111011111010000011010
00000000000010011101111010011001
00000000000100101001001010100111
11111111111100010010011101001111
11111111111101101011100100110110
00000000000010010100110111000101
11111111111111110010011011110101
11111111111110011100101011100101
11111111111111101111001010011010
11111111111111101011110111100001
11111111111111010101101010010001
11111111111111100100010100100001
11111111111111000110110000100100
11111111111111001001011110001111
11111111111111100010000011001100
11111111111111010001100001011100
11111111111110111010001110010001
11111111111111010111000110110101
11111111111111010000110010100011
11111111111111001111011110010101
11111111111111010001110000010110
11111111111111001111011101100000
11111111111111010001100101111011
11111111111111001111100101010111
11111111111111010001011100110000
11111111111111001111111001110111
11111111111111010001011001111000
11111111111111010000000100101000
11111111111111010001011101001000
11111111111111010000011100110001
11111111111111010001100001110111
11111111111111010000101100100010
11111111111111010001110000111101
11111111111111010001001001000011
11111111111111010001111101001011
11111111111111010001011111101100
11111111111111010010010111000011
11111111111111010010000001001011
11111111111111010010101011001101
11111111111111010010011111110000
11111111111111010011001111011110
11111111111111010011000110110111
11111111111111010011101010111110
11111111111111010011101110100111
11111111111111010100011010000111
11111111111111010100011010000110
11111111111111010100111100111110
11111111111111010101001110001100
11111111111111010101110100111100
11111111111111010101111011101101
11111111111111010110100011001000
11111111111111010110111100110100
11111111111111010111011110010001
11111111111111010111101111011101
11111111111111011000011011110110
11111111111111011000110111110001
11111111111111011001011001000111
11111111111111011001110101111000
11111111111111011010100010101100
11111111111111011011000001001000
11111111111111011011100111100000
11111111111111011100001010101010
11111111111111011100110111010110
11111111111111011101011100011001
11111111111111011110000101011101
11111111111111011110101011110010
11111111111111011111011101011101
11111111111111100000000110111011
11111111111111100000101110111110
11111111111111100001011100110011
11111111111111100010010011101011
11111111111111100010111011100111
11111111111111100011100111000000
11111111111111100100011110100101
11111111111111100101010011111011
11111111111111100101111011101101
11111111111111100110110000000110
11111111111111100111101010111000
11111111111111101000011100101000
11111111111111101001001011001101
11111111111111101010000101011101
11111111111111101010111101101110
11111111111111101011110001110001
11111111111111101100100111100111
11111111111111101101100001001000
11111111111111101110011001101011
11111111111111101111010011010010
11111111111111110000001010100110
11111111111111110001000011101000
11111111111111110010000000010111
11111111111111110010111011100001
11111111111111110011110010101000
11111111111111110100101110110101
11111111111111110101101101100000
11111111111111110110100111101010
11111111111111110111100000111111
11111111111111111000011111111101
11111111111111111001011101111011
11111111111111111010010111101010
11111111111111111011010011110001
11111111111111111100010100000101
11111111111111111101010000010000
11111111111111111110001001111011
11111111111111111111001001001100
00000000000000000000001001001001
00000000000000000001000010000011
00000000000000000001111101111001
00000000000000000010111111110011
00000000000000000011111011000001
00000000000000000100110011000000
00000000000000000101110011111011
00000000000000000110110010000010
00000000000000000111101000000011
00000000000000001000100101111001
00000000000000001001100110001101
00000000000000001010011011010001
00000000000000001011010100111000
00000000000000001100010110111100
00000000000000001101001101000100
00000000000000001110000000000101
00000000000000001111000001011001
00000000000000001111111100101011
00000000000000010000101010100101
00000000000000010001100100010011
00000000000000010010100100101101
00000000000000010011010101001011
00000000000000010100000100101010
00000000000000010101000001100011
00000000000000010101111001010101
00000000000000010110100101111111
00000000000000010111011000010000
00000000000000011000010000101111
00000000000000011001000010110100
00000000000000011001101110110000
00000000000000011010011110101001
00000000000000011011010011011010
00000000000000011100000010000111
00000000000000011100101001101111
00000000000000011101011000010101
00000000000000011110001011000110
00000000000000011110110001110110
00000000000000011111010110111100
00000000000000100000000111111011
00000000000000100000110010010011
00000000000000100001010000110000
00000000000000100001111010101010
00000000000000100010101000101010
00000000000000100011000101000001
00000000000000100011100100011001
00000000000000100100010011000100
00000000000000100100110011010000
