00000000000000000000000000000000
00000000000000000000000000000000
00000000000000000000000000000000
00000000000000000000000000000000
00000000000000000000000000000000
00000000000000000000000000000000
00000000000000000000000000000000
00000000000000000000000000000000
00000000000000000000000000000000
00000000000000000000000000000000
00000000000000000000000000000000
00000000000000000000000000000000
00000000000000000000000000000000
00000000000000000000000000000000
00000000000000000000000000000000
00000000000000000000000000000000
00000000000000000000000000000000
00000000000000000000000000000000
00000000000000000000000000000000
00000000000000000000000000000000
00000000000000000000000000000000
00000000000000000000000000000000
11111111111111111110111100000000
11111111111111111110001000100000
11111111111111111011001001100000
11111111111111111001101100110000
11111111111111110101101100100000
11111111111111110010001000010000
11111111111111101101001111110000
11111111111111100110010100110000
11111111111111100001101110010000
11111111111111010110111100110000
11111111111111010010011111100000
11111111111111000101110100000000
11111111111110111111110011010000
11111111111110110011100011000000
11111111111110100111001001010000
11111111111110011110100011100000
11111111111110001010000000110000
11111111111110000110110011100000
11111111111101101011101000100000
11111111111101101010000111000000
11111111111101010000000101100000
11111111111101000110110000110000
11111111111100111001010110100000
11111111111100011011110010010000
11111111111100100110110001100000
11111111111011101110000000000000
11111111111100010101011000110000
11111111111011000010011011000000
11111111111011111111011100100000
11111111111010011101000010100000
11111111111011100010010101000000
11111111111010000010101000010000
11111111111010111111101100100000
11111111111001110001010001010000
11111111111010011001001100110000
11111111111001100101110101110000
11111111111001110101100000010000
11111111111001011100111000110000
11111111111001010111010100100000
11111111111001010100010001110000
11111111111001000010110011110000
11111111111001001101010101100000
11111111111000110101000111000000
11111111111001000110111101010000
11111111111000101101010100110000
11111111111001000001100110000000
11111111111000101001000000000000
11111111111000111001101010110000
11111111111000101000001010110000
11111111111000110000110101110000
11111111111000101011110001100000
11111111111000100111100111010000
11111111111000110010011111010000
11111111111000011111010111000000
11111111111000111000101011010000
11111111111000011000001100110000
11111111111000111011111101010000
11111111111000010101011011000000
11111111111000111100010101000000
11111111111000010111101110000000
11111111111000111011001010000000
11111111111000011111010001000000
11111111111000111011011001010000
11111111111000101011000101000000
11111111111001000000011101100000
11111111111000111010011110110000
11111111111001001010111001110000
11111111111001001100000111010000
11111111111001011001011101000000
11111111111001100001000110010000
11111111111001101101011010010000
11111111111001111011010100110000
11111111111010000111100110100000
11111111111010011010011100100000
11111111111010100110010110100000
11111111111010111011011101000000
11111111111011001010010011010000
11111111111011100000101101100000
11111111111011110111000100110000
11111111111100001010110001110000
11111111111100101001101100010000
11111111111100111000110011010000
11111111111101011110100001110000
11111111111101101100101111010000
11111111111110010010011110000000
11111111111110101000110101110000
11111111111111000011100111010000
11111111111111101110000100100000
11111111111111110011001011010000
00000000000000111000100000000000
00000000000000100100011010110000
00000000000010000011011111110000
00000000000001011100001110100000
00000000000011001001010010010000
00000000000010011011110001100000
00000000000100000101100110100000
00000000000011100011010100000000
00000000000100111010010101000000
00000000000100101111100100000000
00000000000101101001011100000000
00000000000101111000011001100000
00000000000110010111110000100000
00000000000110111001101000000000
00000000000111001001111000110000
00000000000111110000000100010000
00000000001000000000011011110000
00000000001000011111000110110000
00000000001000111001000011010000
00000000001001001011000110000000
00000000001001101110101101010000
00000000001001111010011000100000
00000000001010011110001000100000
00000000001010101111000111000000
00000000001011000100110010010000
00000000001011100111100000100000
00000000001011101000100000000000
00000000001100011110101101000000
00000000001100010010000101010000
00000000001101001010110100100000
00000000001101001010101100010000
00000000001101100010011100000000
00000000001110010101011010000000
00000000001101100100000011110000
00000000001111110000001010110000
00000000001101011000000001010000
00000000010001001110010110010000
00000000001101001010010111000000
00000000010010100000100001110000
00000000001101001010110000110000
00000000010011011011110100010000
00000000001101100010110011100000
00000000010011111011001110010000
00000000001110010010000110110000
00000000010100000011010111100000
00000000001111010000011100110000
00000000010011111110110000100000
00000000010000010001001001000000
00000000010011111001101000010000
00000000010001001010101000110000
00000000010011111010111100010000
00000000010001111000010101010000
00000000010100000100001011100000
00000000010010011011110001110000
00000000010100010010100110100000
00000000010010110111111111100000
00000000010100100001110100110000
00000000010011010001001101100000
00000000010100101111100111110000
00000000010011101001010010000000
00000000010100111010110001110000
00000000010100000000010000100000
00000000010101000011111011110000
00000000010100010101000000010000
00000000010101001011101100100000
00000000010100100111000100110000
00000000010101010011001001010000
00000000010100110101111111010000
00000000010101011001101001010000
00000000010101000001111011110000
00000000010101011111001110100000
00000000010101001011100100000000
00000000010101100011110011100000
00000000010101010011000000000000
00000000010101100111010011100000
00000000010101011000011110110000
00000000010101101001100101110000
00000000010101011100001110100000
00000000010101101010100011110000
00000000010101011110100001110000
00000000010101100111001011100000
00000000010101101100100111100000
00000000010100110000101010100000
00000000010011110001011001000000
00000000010011101100000000110000
00000000010000001011101000110000
00000000010101110100000000100000
00000000001011000001101011000000
00000000010110011110100010010000
00000000000111001100101000100000
00000000010100001100001100010000
00000000001001010011101000000000
00000000001010111111111111000000
00000000010011101010111101000000
11111111111101011011111110110000
00000000100000011100001111010000
11111111101111111000110000000000
00000000100011110111011100100000
11111111110010001111001001110000
00000000010100100000010110000000
00000000001011001001001011010000
11111111101101001010111101000000
00000000110110011110110111010000
11111110111110101000100000110000
00000001011011111001111010000000
11111110100111100101001011000000
00000001010011010100000011100000
11111111010010101100010111110000
11111111111011011010100000110000
00000001010010111011000010110000
11111101001110010110010111100000
00000100011101001100101100010000
11111001101101111100101101110000
00001000000001101110011111010000
11110110010011010011100000010000
00001010111101110011111100100000
11110011111100001010011000000000
00001100011110010001111000100000
11110011010000110001011011010000
00001100010000010111111110100000
11110100001101011011100001000000
00001010100111110101111101100000
11110110001111101100010000110000
00001000010101110011000011000000
11111000100000001001000110000000
00000110001010110010010110110000
11111010011000000101000101100000
00000100100101001110000010100000
11111011100110000011110100010000
00000011100110101000010110000000
11111100010000111100010100110000
00000011000110000001111100100000
11111100101001101110111011100000
00000010101110110101001111000000
11111100111101000101110100000000
00000010010110101110101011100000
11111101010011011110111101110000
00000001111010100111110110010000
11111101101100001001011110100000
00000001011111010111100011100000
11111110000100000011000001010000
00000001000110100110110101000000
11111110010110010111110000100000
00000000110100100011101000010000
11111110100101010010000011100000
00000000100111111000111111110000
11111110110000111001100010010000
00000000011101100001100101010000
11111110111010100100011101110000
00000000010100111100110100110000
11111111000010101010000101000000
00000000001101110111100110100000
11111111001001011011111001010000
00000000001000000010000101000000
11111111001111001000011001000000
00000000000011001111000101100000
11111111010011111011101000110000
11111111111111010011101111000000
11111111010111111111100100000000
11111111111100000110111111110000
11111111011011011100011110000000
11111111111001100001011011110000
11111111011110011001001010000000
11111111110111011100110000000000
11111111100000111011010111110000
11111111110101110011110011000000
11111111100011000111111010000000
11111111110100100010001011010000
11111111100101000010101110110000
11111111110011100100001111110000
11111111100110101111001001100000
11111111110010110111000000100000
11111111101000001111110111000000
11111111110010011000000000100000
11111111101001100111000100010000
11111111110010000101001011000000
11111111101010110110100110010000
11111111110001111100110001000000
11111111101100000000000001000000
11111111110001111101010010110000
11111111101101000100101011100000
11111111110010000101011100000000
11111111101110000101101010110000
11111111110010010100000100110000
11111111101111000011111011010000
11111111110010101000010110100000
11111111110000000000000110100000
11111111110011000001100101100000
11111111110000111010101011000000
11111111110011011111010001010000
11111111110001110011111100110000
11111111110100000000111100010000
11111111110010101100010010100000
11111111110100100110001011110000
11111111110011100100000001000000
11111111110101001110011101110000
11111111110100011011011101100000
11111111110101111001010100010000
11111111110101010010111100110000
11111111110110100110010100000000
11111111110110001010101100100000
11111111110111010101001001010000
11111111110111000010101111110000
11111111111000000101100111110000
11111111110111111011000110100000
11111111111000110111101000110000
11111111111000110011101011100000
11111111111001101011000010110000
11111111111001101100011110000000
11111111111010011111101000110000
11111111111010100101011101100000
11111111111011010101001100000000
11111111111011011110110000100000
11111111111100001011100000110000
11111111111100011000010010110000
11111111111101000010010111110000
11111111111101010010000001000000
11111111111101111001101111100000
11111111111110001011110010100000
11111111111110110001100001110000
11111111111111000101011101000000
11111111111111101001101100100000
11111111111111111110111001000000
00000000000000100010000101100000
00000000000000111000000011010000
00000000000001011010100011110000
00000000000001110000111100010000
00000000000010010010110110110000
00000000000010101001100011100000
00000000000011001010110010010000
00000000000011100001110110110000
00000000000100000010001101000000
00000000000100011001110001110000
00000000000100111001000001110000
00000000000101010001001011110000
00000000000101101111001010010000
00000000000110000111111100110000
00000000000110100100100101110000
00000000000110111101111001100000
00000000000111011001010010100000
00000000000111110010110110010000
00000000001000001101010001010000
00000000001000100110100111110000
00000000001001000000011101100000
00000000001001011001001001010000
00000000001001110010110001010000
00000000001010001010011010110000
00000000001010100011111011100000
00000000001010111010100001110000
00000000001011010011101111000000
00000000001011101001100110000000
00000000001100000001111010010000
00000000001100010111100111100000
00000000001100101110011000000000
00000000001101000100100000010000
00000000001101011001001100000000
00000000001101101111111101110000
00000000001110000010100100100000
00000000001110011001101010000000
00000000001110101010101100000000
00000000001111000001010101000000
00000000001111010001100111010000
00000000001111100110111100000000
00000000001111110111001101010000
00000000010000001010100101010000
00000000010000011011001110000000
00000000010000101100011101010000
00000000010000111101011000010000
00000000010001001100101111010000
00000000010001011101100000100000
00000000010001101011011110100000
00000000010001111011100011100000
00000000010010001000100101110000
00000000010010010111100110000000
00000000010010100011111101000000
00000000010010110001101111110000
00000000010010111101011100010000
00000000010011001010000110100000
00000000010011010100111110110000
00000000010011100000101001010000
00000000010011101010100101110000
00000000010011110101011000100000
00000000010011111110010100100000
00000000010100001000001111100000
00000000010100010000001101000000
00000000010100011001001101110000
00000000010100100000010101100000
00000000010100101000010011000000
00000000010100101110101110000000
00000000010100110101100000100000
00000000010100111011011000010000
00000000010101000000111011010000
00000000010101000110010010000000
00000000010101001010101000100000
00000000010101001111011011000000
00000000010101010010110010110000
00000000010101010110110001000000
00000000010101011001011100010000
00000000010101011100010100110000
00000000010101011110101000000000
00000000010101100000010000010000
00000000010101100010010110010000
00000000010101100010101100000000
00000000010101100100100001100000
00000000010101100011111001110000
00000000010101100010000110110000
00000000010101110001001011010000
00000000010100101100010010110000
00000000010011110101010111110000
00000000010011101000001000000000
00000000010000001111001100000000
00000000010101110000100010110000
00000000001011000100101110100000
00000000010110011011101010000000
00000000000111001110111110000000
00000000010100001010001100000000
00000000001001010100111101110000
00000000001010111111000100000000
00000000010011101011001100110000
11111111111101011100001000000000
00000000100000011011100011000000
11111111101111111001100111100000
00000000100011110110010011010000
11111111110010010000001100110000
00000000010100011111010011110000
00000000001011001001110111110000
11111111101101001010011101010000
00000000110110011110111011110000
11111110111110101000101001010000
00000001011011111001011001000000
11111110100111100101110000010000
00000001010011010011010010000000
11111111010010101101000100010000
11111111111011011001110001000000
00000001010010111011100110000000
11111101001110010101110100100000
00000100011101001101000010010000
11111001101101111100011000100000
00001000000001101110101001010000
11110110010011010011010101000000
00001010111101110011111100110000
11110011111100001010010101010000
00001100011110010001101110110000
11110011010000110001100110110000
00001100010000010111100100100000
11110100001101011011111111100000
00001010100111110101010001010000
11110110001111101101000001000000
00001000010101110010001001010000
11111000100000001001111110000000
00000110001010110001011100100000
11111010011000000101110111110000
00000100100101001101010011000000
11111011100110000100010101010000
00000011100110100111110111010000
11111100010000111100101000000000
00000011000110000001100111110000
11111100101001101111001010010000
00000010101110110100111001000000
11111100111101000110001010000000
00000010010110101110001010010000
11111101010011011111011110110000
00000001111010100111001010000000
11111101101100001010001001100000
00000001011111010110110100010000
11111110000100000011101001010000
00000001000110100110001010110000
11111110010110011000010000010000
00000000110100100011000111110000
11111110100101010010011100110000
00000000100111111000100001010000
11111110110000111010000000100000
00000000011101100000111010100000
11111110111010100101001111100000
00000000010100111011101110010000
11111111000010101011011000000000
00000000001101110101111101110000
11111111001001011101101111110000
00000000000111111111111001010000
11111111001111001010101110100000
00000000000011001100011100100000
11111111010011111110010110000000
11111111111111010000110001110000
11111111011000000010100011000000
11111111111100000011110101010000
11111111011011011111100101100000
11111111111001011110001010000000
11111111011110011100010001100000
11111111110111011001100111000000
11111111100000111110001101100000
11111111110101110001000111000000
11111111100011001010000100100000
11111111110100100000010110110000
11111111100101000011110101000000
11111111110011100011101010000000
11111111100110101110111100000000
11111111110010110111110000100000
11111111101000001110011000000000
11111111110010011001110111000000
11111111101001100100101010110000
11111111110010000111101010100000
11111111101010110011110110110000
11111111110001111111010101100000
11111111101011111101011100010000
11111111110001111111011111000000
11111111101101000010100100000000
11111111110010000111000110010000
11111111101110000100000101000000
11111111110010010101010010100000
11111111101111000010101100010000
11111111110010101001010011010000
11111111101111111111000010110000
11111111110011000010011010010000
11111111110000111001101101000000
11111111110011011111111110110000
11111111110001110011001010110000
11111111110100000001011011100000
11111111110010101011110010100000
11111111110100100110010100010000
11111111110011100011110110110000
11111111110101001110010001000000
11111111110100011011100100110000
11111111110101111000111011100000
11111111110101010011001000100000
11111111110110100101111101000000
11111111110110001010101111000000
11111111110111010101000000100000
11111111110111000010100011010000
11111111111000000101101110000000
11111111110111111010101101100000
11111111111000110111110100010000
11111111111000110011010011000000
11111111111001101011000100010000
11111111111001101100010011110000
11111111111010011111010110110000
11111111111010100101101011000000
11111111111011010100100100100000
11111111111011011111001101110000
11111111111100001010101100010000
11111111111100011000110101010000
11111111111101000001101000110000
11111111111101010010010110010000
11111111111101111001010100000000
11111111111110001011101111100000
11111111111110110001100010110000
11111111111111000100111110000000
11111111111111101010000101100000
11111111111111111110001000110000
00000000000000100010101010000000
00000000000000110111010001100000
00000000000001011010111101100000
00000000000001110000011100000000
00000000000010010010110101010000
00000000000010101001100110000000
00000000000011001010001001100000
00000000000011100010100100000000
00000000000100000000111001000000
00000000000100011011001000100000
00000000000100110111001000000000
00000000000101010011000010110000
00000000000101101100111010010000
00000000000110001010000001100000
00000000000110100010010010100000
00000000000110111111110111100000
00000000000111010111001111000000
00000000000111110100011101000000
00000000001000001011101010110000
00000000001000100111101111000000
00000000001000111111011000110000
00000000001001011001101111100000
00000000001001110010001010010000
00000000001010001010100110010000
00000000001010100011101101000000
00000000001010111010011000000000
00000000001011010011110010100000
00000000001011101001001010000000
00000000001100000010001111010000
00000000001100010110110111110000
00000000001100101111000010110000
00000000001101000011011010100000
00000000001101011010010000000000
00000000001101101110011111100000
00000000001110000011111100100000
00000000001110010111111011010000
00000000001110101100001111010000
00000000001110111111100011110000
00000000001111010011000101000000
00000000001111100101010111100000
00000000001111111000010110110000
00000000010000001001011011110000
00000000010000011011111000010000
00000000010000101011110110110000
00000000010000111101011111100000
00000000010001001100101101100000
00000000010001011101000100110000
00000000010001101011111100100000
00000000010001111010101001000000
00000000010010001001100000000000
00000000010010010110010100010000
00000000010010100101001101010000
00000000010010110000001011100000
00000000010010111110111011100000
00000000010011001000010110100000
00000000010011010110100110010000
00000000010011011110110110010000
00000000010011101100001010100000
00000000010011110011101101100000
00000000010011111111101011000000
00000000010100000110111010010000
00000000010100010001000111110000
00000000010100011000011010100000
00000000010100100000101011100000
00000000010100101000001000100000
00000000010100101110011100010000
00000000010100110101111010000000
00000000010100111010100111100000
00000000010101000001101100000000
00000000010101000101010101100000
00000000010101001011011011100000
00000000010101001110100110110000
00000000010101010011010100000000
00000000010101010110010100000000
00000000010101011001100011110000
00000000010101011100010000110000
00000000010101011110011101100000
00000000010101100000010111100000
00000000010101100010001010010000
00000000010101100010101000100000
00000000010101100100101001110000
00000000010101100011011001110000
00000000010101100010110010000000
00000000010101110000000110010000
00000000010100101101100001110000
00000000010011110011110001110000
00000000010011101001110000110000
00000000010000001101010011100000
00000000010101110010010110100000
00000000001011000010110111110000
00000000010110011101010011100000
00000000000111001101011011000000
00000000010100001011011000110000
00000000001001010011111111000000
00000000001010111111101000000000
00000000010011101010111010000000
11111111111101011011111101110000
00000000100000011011111110000000
11111111101111111000110101000000
00000000100011110111001111010000
11111111110010001111000001010000
00000000010100100000011100110000
00000000001011001000101011100000
11111111101101001011011010010000
00000000110110011110000101100000
11111110111110101001000111010000
00000001011011111001001001010000
11111110100111100101100111010000
00000001010011010011100111010000
11111111010010101100011010100000
11111111111011011010011111100000
00000001010010111010101101100000
11111101001110010110101000110000
00000100011101001100001111010000
11111001101101111100111110000000
00001000000001101110001101100000
11110110010011010011011101100000
00001010111101110100000001100000
11110011111100001001111011110000
00001100011110010010010101100000
11110011010000110000101011010000
00001100010000011000101001000000
11110100001101011010100111100000
00001010100111110110101101010000
11110110001111101011010011110000
00001000010101110011111000010000
11111000100000000111111111010000
00000110001010110011011011000000
11111010011000000011101001010000
00000100100101001111100000110000
11111011100110000001111001000000
00000011100110101010010001110000
11111100010000111010000000000000
00000011000110000100001010000000
11111100101001101100011111110000
00000010101110110111010111000000
11111100111101000011101001000000
00000010010110110000010111010000
11111101010011011101010101010000
00000001111010101000111100100000
11111101101100001000011011100000
00000001011111011000001000110000
11111110000100000010010101010000
00000001000110100111001100010000
11111110010110010111001000100000
00000000110100100100000100100000
11111110100101010001001111100000
00000000100111111001101001100000
11111110110000111000100011100000
00000000011101100010010100000000
11111110111010100011100001110000
00000000010100111101010100010000
11111111000010101001100011100000
00000000001101110111100100100000
11111111001001011011111101010000
00000000001000000001011011000000
11111111001111001001000000100000
00000000000011001110000000000000
11111111010011111100100000100000
11111111111111010010100100010000
11111111011000000000010010110000
11111111111100000110001001010000
11111111011011011100101110110000
11111111111001100001000110100000
11111111011110011000111000000000
11111111110111011100111100000000
11111111100000111010101101000000
11111111110101110100010000010000
11111111100011000111000101010000
11111111110100100010101000010000
11111111100101000010000000000000
11111111110011100100100010100000
11111111100110101110100110010000
11111111110010110111000110110000
11111111101000001111011100000000
11111111110010011000000000000000
11111111101001100110101100000000
11111111110010000101001001110000
11111111101010110110001011110000
11111111110001111100110100110000
11111111101011111111100001010000
11111111110001111101011101000000
11111111101101000100000010100000
11111111110010000101101110000000
11111111101110000100111010010000
11111111110010010100100001000000
11111111101111000011000001000000
11111111110010101000111011110000
11111111101111111111000100010000
11111111110011000010001111100000
11111111110000111001100110110000
11111111110011011111110111110000
11111111110001110011000001100000
11111111110100000001010110100000
11111111110010101011101001000000
11111111110100100110010000010000
11111111110011100011101100100000
11111111110101001110001100010000
11111111110100011011011101110000
11111111110101111000110010000000
11111111110101010011001001010000
11111111110110100101100111010000
11111111110110001010111111010000
11111111110111010100011001000000
11111111110111000011000101110000
11111111111000000100110100100000
11111111110111111011100000010000
11111111111000110110110001010000
11111111111000110100001001010000
11111111111001101010000101010000
11111111111001101100111011110000
11111111111010011110101111000000
11111111111010100101110110100000
11111111111011010100011101010000
11111111111011011110110111000000
11111111111100001011000100100000
11111111111100011000000100000000
11111111111101000010010100000000
11111111111101010001011011000000
11111111111101111001111111100000
11111111111110001010111101110000
11111111111110110001111101100000
11111111111111000100100010100000
11111111111111101010000111000000
11111111111111111110000101000000
00000000000000100010010110110000
00000000000000110111011110010000
00000000000001011010011111110000
00000000000001110000101011110000
00000000000010010010011001100000
00000000000010101001101101100000
00000000000011001001111010010000
00000000000011100010011011110000
00000000000100000000111100010000
00000000000100011010101010110000
00000000000100110111100011100000
00000000000101010010001000100000
00000000000101101101110100110000
00000000000110001000100101100000
00000000000110100011110000010000
00000000000110111101111000110000
00000000000111011001001100110000
00000000000111110010000011010000
00000000001000001101111011000000
00000000001000100101001101100000
00000000001001000001100101110000
00000000001001010111011110110000
00000000001001110011111010110000
00000000001010001000111011010000
00000000001010100100110000100000
00000000001010111001011111010000
00000000001011010100000100010000
00000000001011101001000000000000
00000000001100000001111001110000
00000000001100010111001101100000
00000000001100101110010111000000
00000000001101000011111011100000
00000000001101011001011111110000
00000000001101101111000000100000
00000000001110000011010001000000
00000000001110011000010110110000
00000000001110101011101000010000
00000000001110111111111101100000
00000000001111010010011110010000
00000000001111100101110011110000
00000000001111110111101101100000
00000000010000001001111010000000
00000000010000011011001111110000
00000000010000101100001101110000
00000000010000111101000011010000
00000000010001001100110000010000
00000000010001011101000101010000
00000000010001101011011100100000
00000000010001111011010011110000
00000000010010001000010100100000
00000000010010010111101010100000
00000000010010100011011001000000
00000000010010110010000100000000
00000000010010111100101111110000
00000000010011001010011100110000
00000000010011010100010111100000
00000000010011100000110010010000
00000000010011101010010011010000
00000000010011110101001000110000
00000000010011111110011100100000
00000000010100000111100101010000
00000000010100010000101101010000
00000000010100011000010011100000
00000000010100100000111110000000
00000000010100100111011010010000
00000000010100101111001011010000
00000000010100110101000000010000
00000000010100111011010110010000
00000000010101000001000000110000
00000000010101000101101000010000
00000000010101001011010110110000
00000000010101001110010000000000
00000000010101010011111001000000
00000000010101010101011000110000
00000000010101011010100011010000
00000000010101011011001010110000
00000000010101011111010111000000
00000000010101011111101000110000
00000000010101100010011100110000
00000000010101100010101110100000
00000000010101100100000001010000
00000000010101100100011101000000
00000000010101100001001111000000
00000000010101110001111011110000
00000000010100101011010111000000
00000000010011110110000100010000
00000000010011100111010110010000
00000000010000001111101010000000
00000000010101101111111111100000
00000000001011000101000011000000
00000000010110011011001100110000
00000000000111001111010011100000
00000000010100001001100110010000
00000000001001010101100010110000
00000000001010111110001011100000
00000000010011101100001000000000
11111111111101011010110101010000
00000000100000011100110111000000
11111111101111111000000001110000
00000000100011110111110101010000
11111111110010001110011111110000
00000000010100100000110010110000
00000000001011001000010111110000
11111111101101001011100110100000
00000000110110011101111010110000
11111110111110101001001001010000
00000001011011111001001001010000
11111110100111100101011011100000
00000001010011010011111000110000
11111111010010101011111000100000
11111111111011011011001010100000
00000001010010111001101111000000
11111101001110010111110001100000
00000100011101001010110011110000
11111001101101111110011110110000
00001000000001101100011110110000
11110110010011010101001010100000
00001010111101110010001110100000
11110011111100001011100101110000
00001100011110010000101011110000
11110011010000110010001000000000
00001100010000010111010000100000
11110100001101011011110100100000
00001010100111110101100001000000
11110110001111101100011001110000
00001000010101110010101010110000
11111000100000001001001111000000
00000110001010110001111100010000
11111010011000000101010000110000
00000100100101001101100110000000
11111011100110000011111101100000
00000011100110100111111100000000
11111100010000111100011001000000
00000011000110000001101000010000
11111100101001101110111010010000
00000010101110110100111111100000
11111100111101000101101110000000
00000010010110101110011110000000
11111101010011011110110100110000
00000001111010100111101011000000
11111101101100001001010011100000
00000001011111010111011010100000
11111110000100000010110010100000
00000001000110100110101111100000
11111110010110010111011101010000
00000000110100100011100111000000
11111110100101010001101100010000
00000000100111111001000010010000
11111110110000111001001001100000
00000000011101100001100101110000
11111110111010100100000111100000
00000000010100111100101101110000
11111111000010101001111001100000
00000000001101110111010001110000
11111111001001011011111100110000
00000000001000000001011101110000
11111111001111001000110000100000
00000000000011001110000111010000
11111111010011111100010101010000
11111111111111010010011010010000
11111111011000000000101000000000
11111111111100000101010101100000
11111111011011011101110100000000
11111111111001011111011110100000
11111111011110011010101110110000
11111111110111011010101010010000
11111111100000111101000001100000
11111111110101110001101101010000
11111111100011001001011011000000
11111111110100100000010010110000
11111111100101000011111010100000
11111111110011100010110001000000
11111111100110101111110110110000
11111111110010110110000010110000
11111111101000010000000010100000
11111111110010010111100001100000
11111111101001100110110001100000
11111111110010000101000011010000
11111111101010110110000000000000
11111111110001111100111001100000
11111111101011111111001110000000
11111111110001111101100110100000
11111111101101000011101000000000
11111111110010000110000010010000
11111111101110000100001111000000
11111111110010010101001010110000
11111111101111000001111001110000
11111111110010101010000110000000
11111111101111111101011011010000
11111111110011000011111000010000
11111111110000110111100011100000
11111111110011100001110001110000
11111111110001110000111011000000
11111111110100000011000101010000
11111111110010101001111010010000
11111111110100100111010111010000
11111111110011100010110010010000
11111111110101001110010111110000
11111111110100011011100000110000
11111111110101111000000001100000
11111111110101010011111111100000
11111111110110100100010001000000
11111111110110001100001000100000
11111111110111010010111111110000
11111111110111000011111110010000
11111111111000000011111101100000
11111111110111111011101001010000
11111111111000110110101110110000
11111111111000110011011011100000
11111111111001101010110101010000
11111111111001101011100111110000
11111111111010011111110110010000
11111111111010100100011011100000
11111111111011010101011001110000
11111111111011011101111000100000
11111111111100001011011000010000
11111111111100010111110111100000
11111111111101000001110001010000
11111111111101010010000101100000
11111111111101111000101001010000
11111111111110001100010011010000
11111111111110110000000010100000
11111111111111000110010001100000
11111111111111100111111100110000
11111111111111111111111011010000
00000000000000100000001101110000
00000000000000111001001010100000
00000000000001011000101000100000
00000000000001110010000000010000
00000000000010010001000011010000
00000000000010101010011001010000
00000000000011001001010100000000
00000000000011100010010001010000
00000000000100000001010010100000
00000000000100011001100001000000
00000000000100111000110111110000
00000000000101010000000111010000
00000000000101101111110111100000
00000000000110000110000100000000
00000000000110100110000010100000
00000000000110111011011001010000
00000000000111011011001100010000
00000000000111110000000110000000
00000000001000001111001011110000
00000000001000100100000111010000
00000000001001000001111101010000
00000000001001010111001110110000
00000000001001110011100010000000
00000000001010001001010001010000
00000000001010100011111111100000
00000000001010111010000000010000
00000000001011010011010101000000
00000000001011101001010011100000
00000000001100000001100001010000
00000000001100010111000110000000
00000000001100101110011011100000
00000000001101000011011001010000
00000000001101011001111100000000
00000000001101101110001011100000
00000000001110000011111010110000
00000000001110010111011010010000
00000000001110101100010011110000
00000000001110111111000011100000
00000000001111010011000100100000
00000000001111100101000010010000
00000000001111111000001010000000
00000000010000001001010010110000
00000000010000011011100001100000
00000000010000101011110101000000
00000000010000111101001000000000
00000000010001001100100101010000
00000000010001011100111011000000
00000000010001101011100001100000
00000000010001111010111001110000
00000000010010001000101000010000
00000000010010010111000010100000
00000000010010100011111010000000
00000000010010110001010100010000
00000000010010111101010110100000
00000000010011001001101000100000
00000000010011010101000001110000
00000000010011011111111101110000
00000000010011101010111110010000
00000000010011110100010010110000
00000000010011111111001010010000
00000000010100000110101101010000
00000000010100010001011111010000
00000000010100010111010110010000
00000000010100100001110101000000
00000000010100100110011001000000
00000000010100110000000111010000
00000000010100110011111001000000
00000000010100111100010110100000
00000000010100111111110101100000
00000000010101000110101100010000
00000000010101001010001010000000
00000000010101001111010010110000
00000000010101010010101111100000
00000000010101010110010101100000
00000000010101011001100010110000
00000000010101011011111011010000
00000000010101011110100101100000
00000000010101100000000111010000
00000000010101100001111110110000
00000000010101100010111010000000
00000000010101100011110110100000
00000000010101100100010111110000
00000000010101100001011011010000
00000000010101110001001101010000
00000000010100101101101101000000
00000000010011110010111100010000
00000000010011101101011111000000
00000000010000000111110001110000
00000000010101111001110100000000
00000000001010111100000010010000
00000000010110100011100101010000
00000000000111001011101011110000
00000000010100000111100110000000
00000000001001100000011010110000
00000000001010101010111101010000
00000000010100000111001010100000
11111111111100111010111111100000
00000000100000111101001011110000
11111111101111011111111110010000
00000000100100000001100111010000
11111111110010011011010000010000
00000000010011111000101010110000
00000000001100001111001000110000
11111111101011101011000111100000
00000000111000001111011111100000
11111110111100110111111000000000
00000001011101010011100101000000
11111110100111000000000001100000
00000001010010100110110100100000
11111111010101001001111001100000
11111111110110110100000100010000
00000001011001111101101000110000
11111101000100110000111001000000
00000100101001010010001101000000
11111001011111100101111110000000
00001000010001111100110011100000
11110110000001101111101011110000
00001011010000000111101110110000
11110011101001110000000001110000
00001100110000001101111011010000
11110010111111110100001011100000
00001100011111111110100101000000
11110011111111011011100010000000
00001010110100001010101110010000
11110110000100111111100000110000
00001000011111000001101110010000
11111000011000001011110101100000
00000110010001101110010111000000
11111010010001111011110000100000
00000100101010110001110001110000
11111011100000111100011000010000
00000011101011011011101100110000
11111100001100011001101001000000
00000011001010010100110010000000
11111100100101101011110111000000
00000010110010100111111110000000
11111100111001100101101101010000
00000010011001111100001111010000
11111101010000100101001001110000
00000001111101001111111001110000
11111101101001110010111001110000
00000001100001011110100111100000
11111110000010001001110001100000
00000001001000010101000111110000
11111110010100110011100111010000
00000000110101111110101100010000
11111110100011111110010010100000
00000000101001000100111100010000
11111110101111110011110111100000
00000000011110100000100100010000
11111110111001101010101000110000
00000000010101110000111110110000
11111111000001111010000100010000
00000000001110100010111000100000
11111111001000110011110110000000
00000000001000100110001011100000
11111111001110100110110010100000
00000000000011101101010111010000
11111111010011011111010001110000
11111111111111101101001100000000
11111111010111100111101000000000
11111111111100011100010101010000
11111111011011001000010101100000
11111111111001110011001010110000
11111111011110001000010111110000
11111111110111101011011000000000
11111111100000101101011100100000
11111111110101111111110011000000
11111111100010111100010100000000
11111111110100101100000110110000
11111111100100111000111010010000
11111111110011101100101001110000
11111111100110100110100101100000
11111111110010111110010110000000
11111111101000001000001011110000
11111111110010011110100010110000
11111111101001100000000110000000
11111111110010001011000001010000
11111111101010110000010011110000
11111111110010000001111000000000
11111111101011111010011111010000
11111111110010000001100101110000
11111111101100111111111111010000
11111111110010001000110110100000
11111111101110000001110101110000
11111111110010010110101010110000
11111111101111000000111000010000
11111111110010101010001111100000
11111111101111111101101001010000
11111111110011000010111101110000
11111111110000111000100110100000
11111111110011100000010110010000
11111111110001110010000111000000
11111111110100000001110111000000
11111111110010101010100011100000
11111111110100100110111111110000
11111111110011100010010110010000
11111111110101001111001010000000
11111111110100011001111011010000
11111111110101111001110100110000
11111111110101010001101001100000
11111111110110100110100000110000
11111111110110001001101111110000
11111111110111010100111010100000
11111111110111000010010001100000
11111111111000000100110111110000
11111111110111111011001010010000
11111111111000110110010101000000
11111111111000110100010001000000
11111111111001101001001101000000
11111111111001101101100001010000
11111111111010011101011001100000
11111111111010100110110110000000
11111111111011010010101111000000
11111111111011100000001110110000
11111111111100001001000011100000
11111111111100011001101010100000
11111111111101000000000111100000
11111111111101010011000111000000
11111111111101110111110011110000
11111111111110001100100010110000
11111111111110101111111101010000
11111111111111000101110110100000
11111111111111101000011100110000
11111111111111111110111111110000
00000000000000100001000111110000
00000000000000110111111010010000
00000000000001011001110010110000
00000000000001110000100101000000
00000000000010010010010011010000
00000000000010101000111100110000
00000000000011001010100001010000
00000000000011100000111100100000
00000000000100000010010010000000
00000000000100011000100000100000
00000000000100111001011101100000
00000000000101001111100101110000
00000000000101101111111001100000
00000000000110000110000111000000
00000000000110100101100000100000
00000000000110111011111110100000
00000000000111011010001100000000
00000000000111110001000011000000
00000000001000001101111100100000
00000000001000100101001011100000
00000000001001000000101111100000
00000000001001011000001001000000
00000000001001110010100101110000
00000000001010001001110100000000
00000000001010100011011110010000
00000000001010111010000101100000
00000000001011010011010000100000
00000000001011101001000000000000
00000000001100000001110000000000
00000000001100010110100101100000
00000000001100101110110000100000
00000000001101000010111001010000
00000000001101011010001001100000
00000000001101101101111001000000
00000000001110000011110110010000
00000000001110010111011101000000
00000000001110101011111011110000
00000000001110111111011000010000
00000000001111010010011111000000
00000000001111100101011110010000
00000000001111110111100100010000
00000000010000001001101000010000
00000000010000011011001001110000
00000000010000101011110110110000
00000000010000111101000110100000
00000000010001001100010000000000
00000000010001011101010000100000
00000000010001101010111001000000
00000000010001111011011111000000
00000000010010000111110100100000
00000000010010010111101110110000
00000000010010100011000010110000
00000000010010110001111111010000
00000000010010111100100000010000
00000000010011001010010011010000
00000000010011010100001011110000
00000000010011100000101010110000
00000000010011101010000100100000
00000000010011110101000100110000
00000000010011111110001011010000
00000000010100000111100011000000
00000000010100010000011110100000
00000000010100011000001010100000
00000000010100100000111010010000
00000000010100100111000100100000
00000000010100101111010111110000
00000000010100110100011000010000
00000000010100111011110011100000
00000000010101000000001010100000
00000000010101000110010010000000
00000000010101001010011001100000
00000000010101001110111011110000
00000000010101010010111110110000
00000000010101010101111101010000
00000000010101011001110100100000
00000000010101011011100010000000
00000000010101011110111000100000
00000000010101011111101110100000
00000000010101100010001110100000
00000000010101100010100110000000
00000000010101100011111111000000
00000000010101100100001100010000
00000000010101100001011001110000
00000000010101110001001011000000
00000000010100101101100011100000
00000000010011110011000001100000
00000000010011101101010000000000
00000000010000000111111101000000
00000000010101111001100000110000
00000000001010111100010010000000
00000000010110100011001101010000
00000000000111001011111111100000
00000000010100000111001011000000
00000000001001100000110001000000
00000000001010101010100000110000
00000000010100000111011111110000
11111111111100111010100101110000
00000000100000111101011010110000
11111111101111011111101100110000
00000000100100000001101100010000
11111111110010011011001010110000
00000000010011111000100011010000
00000000001100001111001101000000
11111111101011101010111001000000
00000000111000001111100101110000
11111110111100110111101110010000
00000001011101010011011110100000
11111110100111000000001011100000
00000001010010100110010111010000
11111111010101001010011110000000
11111111110110110011001011110000
00000001011001111110100100010000
11111101000100101111110001010000
00000100101001010011010001100000
11111001011111100100110101110000
00001000010001111101101110100000
11110110000001101110110100100000
00001011010000001000010100110000
11110011101001101111011111000000
00001100110000001110001101000000
11110010111111110011111001100000
00001100011111111110101111010000
11110011111111011011010001000000
00001010110100001010111110000000
11110110000100111111000011110000
00001000011111000010010000010000
11111000011000001011000101100000
00000110010001101111001100000000
11111010010001111010101110010000
00000100101010110010110110110000
11111011100000111011000111110000
00000011101011011100111100110000
11111100001100011000001111010000
00000011001010010110001001000000
11111100100101101010011000000000
00000010110010101001010101000000
11111100111001100100010001110000
00000010011001111101011101000000
11111101010000100011111101110000
00000001111101010000110001110000
11111101101001110010001010100000
00000001100001011111000001010000
11111110000010001001100010000000
00000001001000010101000001100000
11111110010100110011110010110000
00000000110101111110010010110000
11111110100011111110101010100000
00000000101001000100011101110000
11111110101111110100001100000000
00000000011110100000001100110000
11111110111001101010110101010000
00000000010101110000101101110000
11111111000001111010010000110000
00000000001110100010100000100000
11111111001000110100010001110000
00000000001000100101011101000000
11111111001110100111101000110000
00000000000011101100001100000000
11111111010011100000100011100000
11111111111111101011101011100000
11111111010111101001001000110000
11111111111100011010101111110000
11111111011011001001110010010000
11111111111001110001110001000000
11111111011110001001100001110000
11111111110111101010010110000000
11111111100000101110001101000000
11111111110101111111001010100000
11111111100010111100101011110000
11111111110100101011110011100000
11111111100100111000111110100000
11111111110011101100100111010000
11111111100110100110011011110000
11111111110010111110100000110000
11111111101000000111110101000000
11111111110010011110111001110000
11111111101001011111100010010000
11111111110010001011100101010000
11111111101010101111100010100000
11111111110010000010101011000000
11111111101011111001011111010000
11111111110010000010100110110000
11111111101100111110101110000000
11111111110010001010000111100000
11111111101110000000010011100000
11111111110010011000001011100000
11111111101110111111000111010000
11111111110010101011111001000000
11111111101111111011110110110000
11111111110011000100011111110000
11111111110000110111000101010000
11111111110011100001011011110000
11111111110001110001001101010000
11111111110100000010001100110000
11111111110010101010011111000000
11111111110100100110011100100000
11111111110011100011001000010000
11111111110101001101110111010000
11111111110100011011010011000000
11111111110101111000001000010000
11111111110101010011001011010000
11111111110110100100111001100000
11111111110110001010111011110000
11111111110111010011110100110000
11111111110111000010110011000000
11111111111000000100100011000000
11111111110111111010111000100000
11111111111000110110101111100000
11111111111000110011010100110000
11111111111001101010001011110000
11111111111001101100001001000000
11111111111010011110101000010000
11111111111010100101010110110000
11111111111011010011111100010000
11111111111011011110111001010000
11111111111100001001111101000000
11111111111100011000101010000000
11111111111101000000101000100000
11111111111101010010100010010000
11111111111101110111111001110000
11111111111110001100010101110000
11111111111110101111101101010000
11111111111111000101111101000000
11111111111111100111111100000000
11111111111111111111010001110000
00000000000000100000011101010000
00000000000000111000010011100000
00000000000001011001000100110000
00000000000001110000111111110000
00000000000010010001100011100000
00000000000010101001011000010000
00000000000011001001101110110000
00000000000011100001011011100000
00000000000100000001011010010000
00000000000100011001000101100000
00000000000100111000011101100000
00000000000101010000010011110000
00000000000101101110110000010000
00000000000110000111000000010000
00000000000110100100001011000000
00000000000110111101000100010000
00000000000111011000101010010000
00000000000111110010010101100000
00000000001000001100001101010000
00000000001000100110101010000000
00000000001000111110110011110000
00000000001001011001110101000000
00000000001001110000011100110000
00000000001010001011101011110000
00000000001010100001001001110000
00000000001010111100000111010000
00000000001011010000110101110000
00000000001011101011000001110000
00000000001011111111011011000000
00000000001100011000011011110000
00000000001100101100101110100000
00000000001101000100010110000000
00000000001101011000100101000000
00000000001101101110110100110000
00000000001110000010110100110000
00000000001110010111110111000000
00000000001110101011010111000000
00000000001110111111011100000000
00000000001111010010000111110000
00000000001111100101011110110000
00000000001111110111000110010000
00000000010000001001111000010000
00000000010000011010010101000000
00000000010000101100100001110000
00000000010000111011110011000000
00000000010001001101011001110000
00000000010001011011011110010000
00000000010001101100100000100000
00000000010001111001010001110000
00000000010010001001110101000000
00000000010010010101001011110000
00000000010010100101010101000000
00000000010010101111001111100000
00000000010010111110111010000000
00000000010011000111100011100000
00000000010011010110011100010000
00000000010011011110001110110000
00000000010011101011110101110000
00000000010011110011010100000000
00000000010011111111000101000000
00000000010100000110110010110000
00000000010100010000010010110000
00000000010100011000100001010000
00000000010100011111101011010000
00000000010100101000010011010000
00000000010100101101011110100000
00000000010100110110000000000000
00000000010100111001110011110000
00000000010101000001100100110000
00000000010101000100110000010000
00000000010101001011000111010000
00000000010101001110001110110000
00000000010101010010110010010000
00000000010101010110000111100000
00000000010101011000110110100000
00000000010101011100010011000000
00000000010101011101011111010000
00000000010101100000101101000000
00000000010101100000110110000000
00000000010101100011010111110000
00000000010101100010111101000000
