00000000000000000000000000000000
00000000000000000000000000000000
00000000000000000000000000000000
00000000000000000000000000000000
00000000000000000000000000000000
00000000000000000000000000000000
00000000000000000000000000000000
00000000000000000000000000000000
00000000000000000000000000000000
00000000000000000000000000000000
00000000000000000000000000000000
00000000000000000000000000000000
00000000000000000000000000000000
00000000000000000000000000000000
00000000000000000000000000000000
00000000000000000000000000000000
00000000000000000000000000000000
00000000000000000000000000000000
00000000000000000000000000000000
00000000000000000000000000000000
00000000000000000000000000000000
00000000000000000000000000000000
00000000000000000000000100010000
00000000000000000000001111111110
00000000000000000000011001110110
00000000000000000000010111100101
00000000000000000000001000000000
11111111111111111111110100000101
11111111111111111111100101101101
11111111111111111111010000111001
11111111111111111110110011100111
11111111111111111110011111100011
11111111111111111110111110111001
00000000000000000000001010110110
00000000000000000000110000001001
11111111111111111111000010010110
11111111111111111011000110110011
11111111111111110111110011000011
11111111111111111000010101110111
11111111111111111100111011110000
00000000000000000001011011101110
00000000000000000000101011110101
11111111111111111001111101011010
11111111111111110010001010101001
11111111111111101111101000010011
11111111111111110100000000000001
11111111111111111010110000100111
11111111111111111101011111100100
11111111111111111001101101010100
11111111111111110010100000101100
11111111111111101101001010000111
11111111111111101100011010111000
11111111111111101111011001000101
11111111111111110011010011010101
11111111111111110101100001010000
11111111111111110100100000111111
11111111111111110000000111010001
11111111111111101001111010101100
11111111111111100101100010110001
11111111111111100110010010000011
11111111111111101100000111100101
11111111111111110010100100111001
11111111111111110100000011111010
11111111111111101110100100100101
11111111111111100110001001111001
11111111111111100001000011111001
11111111111111100010110111100110
11111111111111101001101001001111
11111111111111110000000111100111
11111111111111110010001000110001
11111111111111101111010011110000
11111111111111101010011001111000
11111111111111100110101111000101
11111111111111100110000001010001
11111111111111101000010000110101
11111111111111101100001110110001
11111111111111110000001011011010
11111111111111110010010101010010
11111111111111110001101101011111
11111111111111101111000101111110
11111111111111101100101001001000
11111111111111101100011100000111
11111111111111101110110011111001
11111111111111110010010001111001
11111111111111110100110110011110
11111111111111110101100010111101
11111111111111110100111100110010
11111111111111110100011000111000
11111111111111110100111001100001
11111111111111110110010101100011
11111111111111111000000110011001
11111111111111111001101001110111
11111111111111111010110101110010
11111111111111111011111011010100
11111111111111111101000000001101
11111111111111111101110101110110
11111111111111111110000011000111
11111111111111111101111011100010
11111111111111111110110011010101
00000000000000000001110111000001
00000000000000000110001010101011
00000000000000001000011010000000
00000000000000000110000001010001
00000000000000000000011111111011
11111111111111111101010101110110
00000000000000000001010010011111
00000000000000001010110101010001
00000000000000010010101010000101
00000000000000010010000101111011
00000000000000001001110011010101
00000000000000000001100010101000
00000000000000000001000101110011
00000000000000001001000011100101
00000000000000010010110010111100
00000000000000010110110111110110
00000000000000010011110000100101
00000000000000001101111111010001
00000000000000001011000110010101
00000000000000001100111100101101
00000000000000010001001100101011
00000000000000010100101000110110
00000000000000010101111011010001
00000000000000010101110001010011
00000000000000010101011101000110
00000000000000010101100010011101
00000000000000010110001000101110
00000000000000010110110101110010
00000000000000010111101100010101
00000000000000011000001100010000
00000000000000011000111000011011
00000000000000011001111011100111
00000000000000011011011110000100
00000000000000011100011111101001
00000000000000011100011010100010
00000000000000011011011101010001
00000000000000011011000010001000
00000000000000011100010011100110
00000000000000011111000000011011
00000000000000100001001001001000
00000000000000100001001111111101
00000000000000011111011111000110
00000000000000011110000010001101
00000000000000011110100010000110
00000000000000100000111111001111
00000000000000100011010111110011
00000000000000100100001011000001
00000000000000100011001110000001
00000000000000100010001100100010
00000000000000100010001001001101
00000000000000100011010001110001
00000000000000100100100011100000
00000000000000100101001111000000
00000000000000100101010001111101
00000000000000100101010000000010
00000000000000100101011010110010
00000000000000100101110111000001
00000000000000100110001100101001
00000000000000100110100001111101
00000000000000100110101100001011
00000000000000100111000001001010
00000000000000100111000101110110
00000000000000100111011011001111
00000000000000100111100010101000
00000000000000100111110101100111
00000000000000100111111011010110
00000000000000101000001010100010
00000000000000101000001110100011
00000000000000101000011001110101
00000000000000101000011011111010
00000000000000101000100101011100
00000000000000101000101000111111
00000000000000101000110010100000
00000000000000101000110100110100
00000000000000101000111001111111
00000000000000101000111000111001
00000000000000101000111011010110
00000000000000101000111001111010
00000000000000101000111011110001
00000000000000101000111010000100
00000000000000101000111011000111
00000000000000101000111001001011
00000000000000101000111000010110
00000000000000101000110010110111
00000000000000101000101101011011
00000000000000101000100110001100
00000000000000101000100010011011
00000000000000101000011110101111
00000000000000101000011011011100
00000000000000101000010011101001
00000000000000101000001010001001
00000000000000100111111111010010
00000000000000101000000011101010
00000000000000100111010100111010
00000000000000101001001000110110
00000000000000110101110110100110
00000000000000111010100101110000
00000000000000101001100011110010
00000000000000010100000100100100
00000000000000000101101100100001
00000000000000001111101101100010
00000000000000010011011100101110
11111111111111111101001101101010
00000000000000000000110010110100
00000000000000110000000101001101
00000000000010011100010100011110
00000000000010010011010001010111
11111111111111101111011111110110
11111111111011010101100100110000
11111111111010100001011011111010
11111111111111001001101110001010
00000000000110100111011111100100
00000000001001100000101111001110
00000000000011100110111110011000
11111111111000111100010000111000
11111111110011101100101110001011
11111111111000111111000111011001
00000000000100110011111101111101
00000000001011111000000110010011
00000000001000011001111010110000
11111111111101101110010000000111
11111111110110010101110001110000
11111111110111101000101100110110
11111111111111010101101011010000
00000000000100111011100111100111
00000000000101000110111100110000
00000000000000110000001011011111
11111111111101010011000010000110
11111111111100111001010100000010
11111111111110100000100111011001
11111111111111101101101100110011
11111111111111110111011010011110
11111111111111010111100000101011
11111111111111011100010000101110
11111111111111011001100110101111
11111111111111100001001000110011
11111111111111000100000011011011
11111111111111100101111010101100
11111111111111000101110001101000
11111111111111100011011011110001
11111111111111001000011010100100
11111111111111100000111111000101
11111111111111001010011100010111
11111111111111011110111100101100
11111111111111001100010111000011
11111111111111011101100010011111
11111111111111001110000011111101
11111111111111011100001111011011
11111111111111001111010011010110
11111111111111011011001011000101
11111111111111010000100101110001
11111111111111011010100111001010
11111111111111010001110101001011
11111111111111011010000101101111
11111111111111010010101110101101
11111111111111011001101010000101
11111111111111010011101100000100
11111111111111011001100110110110
11111111111111010100101101111110
11111111111111011001101000110100
11111111111111010101100011110100
11111111111111011001101100100110
11111111111111010110011010001101
11111111111111011001111110001011
11111111111111010111010101011101
11111111111111011010010111100101
11111111111111011000001111100100
11111111111111011010110101111001
11111111111111011001001001100101
11111111111111011011011000011111
11111111111111011010000011101000
11111111111111011100000001100011
11111111111111011011000011101110
11111111111111011100110101000001
11111111111111011100000111001101
11111111111111011101100111111000
11111111111111011101000100100001
11111111111111011110011100001101
11111111111111011110001011001101
11111111111111011111100000110100
11111111111111011111011001101100
11111111111111100000100001110100
11111111111111100000011100110010
11111111111111100001100000010110
11111111111111100001101011000001
11111111111111100010110010110001
11111111111111100011000100001111
11111111111111100100000000100100
11111111111111100100001110111010
11111111111111100101001000010111
11111111111111100101100100000001
11111111111111100110100100110110
11111111111111100111000110000001
11111111111111100111111101111011
11111111111111101000011010001011
11111111111111101001001111101111
11111111111111101001110101111111
11111111111111101010110010111011
11111111111111101011011101101110
11111111111111101100010100100111
11111111111111101100111010111110
11111111111111101101101111111111
11111111111111101110011100111110
11111111111111101111010111111011
11111111111111110000001000111110
11111111111111110001000001010100
11111111111111110001101111011110
11111111111111110010100100100101
11111111111111110011010100000011
11111111111111110100001100010011
11111111111111110101000001101111
11111111111111110101111101100000
11111111111111110110110010111001
11111111111111110111101001001101
11111111111111111000011001011001
11111111111111111001001110100011
11111111111111111010000100110010
11111111111111111011000001100011
11111111111111111011111011001110
11111111111111111100110011111000
11111111111111111101100110110100
11111111111111111110011011101011
11111111111111111111010001010001
00000000000000000000001011011100
00000000000000000001000100100111
00000000000000000001111101100011
00000000000000000010110011000000
00000000000000000011101000111000
00000000000000000100011110011110
00000000000000000101010110100010
00000000000000000110001110011000
00000000000000000111000101111100
00000000000000000111111010100001
00000000000000001000101110101010
00000000000000001001100010111101
00000000000000001010011001110101
00000000000000001011010001001001
00000000000000001100000111011111
00000000000000001100111010010011
00000000000000001101101011010110
00000000000000001110011100010001
00000000000000001111001111101001
00000000000000010000000100010010
00000000000000010000111000110010
00000000000000010001101010101110
00000000000000010010011010010010
00000000000000010011001000010110
00000000000000010011110110100001
00000000000000010100100101000010
00000000000000010101010100010000
00000000000000010110000011101100
00000000000000010110110010110011
00000000000000010111011111111101
00000000000000011000001010011111
00000000000000011000110010101000
00000000000000011001011010001111
00000000000000011010000011001010
00000000000000011010101110011110
00000000000000011011011010000111
00000000000000011100000011001111
00000000000000011100100111110001
00000000000000011101001001000111
00000000000000011101101010101100
00000000000000011110001110110101
00000000000000011110110100101011
00000000000000011111011001001011
00000000000000011111111010100111
00000000000000100000011001111011
00000000000000100000111000110000
00000000000000100001010110111011
00000000000000100001110011000010
00000000000000100010001101000010
00000000000000100010100111010100
00000000000000100011000100111100
00000000000000100011100100100110
00000000000000100100000000111110
00000000000000100100010101011000
00000000000000100100100011111011
00000000000000100100110100011011
00000000000000100101001100100001
00000000000000100101101001110101
00000000000000100110000011100011
00000000000000100110010011100111
00000000000000100110011100010000
00000000000000100110100110000101
00000000000000100110110110110101
00000000000000100111001100011111
00000000000000100111011111101001
00000000000000100111101011100100
00000000000000100111110001111110
00000000000000100111111000001100
00000000000000101000000010000100
00000000000000101000001110101101
00000000000000101000011010101001
00000000000000101000100010111000
00000000000000101000100111010100
00000000000000101000101001111000
00000000000000101000101101000101
00000000000000101000110001111001
00000000000000101000110111011010
00000000000000101000111011101001
00000000000000101000111101001000
00000000000000101000111100001011
00000000000000101000111010101010
00000000000000101000111001111001
00000000000000101000111001110010
00000000000000101000111001000001
00000000000000101000110110100001
00000000000000101000110010010110
00000000000000101000101101011011
00000000000000101000101000011101
00000000000000101000100011101110
00000000000000101000011110110101
00000000000000101000011001010010
00000000000000101000010010010011
00000000000000101000001010000111
00000000000000101000000000101111
00000000000000101000000011101011
00000000000000100111010011110111
00000000000000101001000111011010
00000000000000110101110111010000
00000000000000111010100111011111
00000000000000101001100101000100
00000000000000010100000011011001
00000000000000000101101010010100
00000000000000001111101100000011
00000000000000010011011101010101
11111111111111111101001111001100
00000000000000000000110011111011
00000000000000110000000101000100
00000000000010011100010011110110
00000000000010010011010000011111
11111111111111101111011110111001
11111111111011010101100011101100
11111111111010100001011011110010
11111111111111001001101111011010
00000000000110100111100001111100
00000000001001100000110000100101
00000000000011100110111101000010
11111111111000111100001101010100
11111111110011101100101011000111
11111111111000111111000111011011
00000000000100110100000001010110
00000000001011111000001010100111
00000000001000011001111100100110
11111111111101101110001110000100
11111111110110010101101100110010
11111111110111101000101000010100
11111111111111010101101010101110
00000000000100111011101011111101
00000000000101000111000011000011
00000000000000110000001110101011
11111111111101010010111110110111
11111111111100111001001100010011
11111111111110100000100001101001
11111111111111101101101110011111
11111111111111110111100010100000
11111111111111010111100111110100
11111111111111011100001111111110
11111111111111011001011110100011
11111111111111100001000001000000
11111111111111000100000011011100
11111111111111100110000010000100
11111111111111000101111000110010
11111111111111100011011011101101
11111111111111001000010011111100
11111111111111100000111001010001
11111111111111001010011101010010
11111111111111011111000010100101
11111111111111001100011011001000
11111111111111011101100000000001
11111111111111001101111110000000
11111111111111011100001100100111
11111111111111001111010110111100
11111111111111011011010001001010
11111111111111010000101000001011
11111111111111011010100011011000
11111111111111010001101110110100
11111111111111011010000010100000
11111111111111010010110001000101
11111111111111011001101111100001
11111111111111010011110000001101
11111111111111011001100110100100
11111111111111010100101001111001
11111111111111011001100011111011
11111111111111010101100001101100
11111111111111011001101110100011
11111111111111010110011110110111
11111111111111011010000001111011
11111111111111010111010101010101
11111111111111011010010011101001
11111111111111011000001010101110
11111111111111011010110100000010
11111111111111011001001100011000
11111111111111011011011101100111
11111111111111011010000110110101
11111111111111011100000000000000
11111111111111011010111110011111
11111111111111011100101111111110
11111111111111011100000110011111
11111111111111011101101100001000
11111111111111011101001010011110
11111111111111011110011110110000
11111111111111011110000111110101
11111111111111011111011001110100
11111111111111011111010100111001
11111111111111100000100011010001
11111111111111100000100011010011
11111111111111100001100110001111
11111111111111100001101011010000
11111111111111100010101100110110
11111111111111100010111101001101
11111111111111100011111110010101
11111111111111100100010011001111
11111111111111100101001110111100
11111111111111100101100110111000
11111111111111100110100001001111
11111111111111100110111111011010
11111111111111100111111010011111
11111111111111101000011100110110
11111111111111101001010101101100
11111111111111101001111000110000
11111111111111101010101111100001
11111111111111101011010111000100
11111111111111101100010001001110
11111111111111101100111101111110
11111111111111101101110110101001
11111111111111101110100000111101
11111111111111101111010101011100
11111111111111110000000010000100
11111111111111110000111011101000
11111111111111110001101111001011
11111111111111110010101001011100
11111111111111110011011001111101
11111111111111110100001111000101
11111111111111110100111111100110
11111111111111110101111000010000
11111111111111110110101101111110
11111111111111110111100111011100
11111111111111111000011011011011
11111111111111111001010010110010
11111111111111111010001000010101
11111111111111111011000010010000
11111111111111111011111000101110
11111111111111111100101111110000
11111111111111111101100011101001
11111111111111111110011011001010
11111111111111111111010011011110
00000000000000000000001110010011
00000000000000000001000101110110
00000000000000000001111100010001
00000000000000000010110000100111
00000000000000000011100111100111
00000000000000000100011111000010
00000000000000000101010111011010
00000000000000000110001101100111
00000000000000000111000011110101
00000000000000000111111001100111
00000000000000001000110000010110
00000000000000001001100101111100
00000000000000001010011010111001
00000000000000001011001110100111
00000000000000001100000010111010
00000000000000001100110111001110
00000000000000001101101100001111
00000000000000001110100000011110
00000000000000001111010011110000
00000000000000010000000101000011
00000000000000010000110101000111
00000000000000010001100100101100
00000000000000010010010110000100
00000000000000010011001001010111
00000000000000010011111100100011
00000000000000010100101011011110
00000000000000010101010101100100
00000000000000010101111101111101
00000000000000010110101010010011
00000000000000010111011011101010
00000000000000011000001101101111
00000000000000011000111010001111
00000000000000011001011111011010
00000000000000011010000001111000
00000000000000011010101000011010
00000000000000011011010100110001
00000000000000011100000010010011
00000000000000011100101010110001
00000000000000011101001100011100
00000000000000011101101011100000
00000000000000011110001101001101
00000000000000011110110011010101
00000000000000011111011001111100
00000000000000011111111100011101
00000000000000100000011001100100
00000000000000100000110100101100
00000000000000100001010001111010
00000000000000100001110010001110
00000000000000100010010010111001
00000000000000100010101111111010
00000000000000100011001000001010
00000000000000100011011101110111
00000000000000100011110100110010
00000000000000100100001110011110
00000000000000100100101001001010
00000000000000100101000001100011
00000000000000100101010101110001
00000000000000100101100110101011
00000000000000100101110110111000
00000000000000100110001000101111
00000000000000100110011100101101
00000000000000100110110000100011
00000000000000100111000001011000
00000000000000100111001101110100
00000000000000100111010111011010
00000000000000100111100001100111
00000000000000100111101110100111
00000000000000100111111101011011
00000000000000101000001010011101
00000000000000101000010010110010
00000000000000101000010111011000
00000000000000101000011011111111
00000000000000101000100011000111
00000000000000101000101011011001
00000000000000101000110001101110
00000000000000101000110100100000
00000000000000101000110101101011
00000000000000101000111000000011
00000000000000101000111011110000
00000000000000101000111110011010
00000000000000101000111101100101
00000000000000101000111001111100
00000000000000101000110110100110
00000000000000101000110101110011
00000000000000101000110110011111
00000000000000101000110101011101
00000000000000101000110000011011
00000000000000101000101000011110
00000000000000101000100001000110
00000000000000101000011100010110
00000000000000101000011001001110
00000000000000101000010100001000
00000000000000101000001011001101
00000000000000100111111111100111
00000000000000101000000001111101
00000000000000100111010011110011
00000000000000101001001001100000
00000000000000110101111001000111
00000000000000111010100110101001
00000000000000101001100010000111
00000000000000010100000001010110
00000000000000000101101011011100
00000000000000001111101111001110
00000000000000010011011110110010
11111111111111111101001101000001
00000000000000000000110000100000
00000000000000110000000100101000
00000000000010011100010111010011
00000000000010010011010100010110
11111111111111101111011110101011
11111111111011010101011110111011
11111111111010100001010110110110
11111111111111001001101111001111
00000000000110100111100110101111
00000000001001100000110101111010
00000000000011100110111110010010
11111111111000111100001010000010
11111111110011101100100110100100
11111111111000111111000101000110
00000000000100110100000001111100
00000000001011111000001100011011
00000000001000011001111110010011
11111111111101101110001111010100
11111111110110010101101101111101
11111111110111101000101000101010
11111111111111010101101001000110
00000000000100111011101000001100
00000000000101000110111111100110
00000000000000110000001110010110
11111111111101010011000010111110
11111111111100111001010010100010
11111111111110100000100101010000
11111111111111101101101011110100
11111111111111110111011010100111
11111111111111010111100000011000
11111111111111011100001111010011
11111111111111011001100110000011
11111111111111100001001010111010
11111111111111000100000111010000
11111111111111100101111100011000
11111111111111000101101101111101
11111111111111100011010100110111
11111111111111001000010110011000
11111111111111100001000010001101
11111111111111001010100100100010
11111111111111011111000010100001
11111111111111001100010100101011
11111111111111011101011001011110
11111111111111001101111100001000
11111111111111011100001111101001
11111111111111001111011011000101
11111111111111011011010010111111
11111111111111010000100110100101
11111111111111011010100000011010
11111111111111010001101100111101
11111111111111011010000011011000
11111111111111010010110011011000
11111111111111011001110001000010
11111111111111010011101110101000
11111111111111011001100011000000
11111111111111010100100111011100
11111111111111011001100101011110
11111111111111010101100101110100
11111111111111011001110001001011
11111111111111010110011100110011
11111111111111011001111100100101
11111111111111010111010001101000
11111111111111011010010100111101
11111111111111011000001111101000
11111111111111011010110111100001
11111111111111011001001010011110
11111111111111011011010111111111
11111111111111011010000010101001
11111111111111011100000001010111
11111111111111011011000011111110
11111111111111011100110100010110
11111111111111011100000101001110
11111111111111011101100110001100
11111111111111011101000101001001
11111111111111011110011110110001
11111111111111011110001100101101
11111111111111011111011110101111
11111111111111011111010101001000
11111111111111100000011110111110
11111111111111100000011110111011
11111111111111100001100101101000
11111111111111100001101101111101
11111111111111100010101111101001
11111111111111100010111101000100
11111111111111100011111011111000
11111111111111100100010001000000
11111111111111100101001111000001
11111111111111100101101000100001
11111111111111100110100010100110
11111111111111100110111111000101
11111111111111100111111000110001
11111111111111101000011011000111
11111111111111101001010101000010
11111111111111101001111010000010
11111111111111101010110001101110
11111111111111101011011000001010
11111111111111101100001111011000
11111111111111101100111010001110
11111111111111101101110100001100
11111111111111101110100010101000
11111111111111101111011010001111
11111111111111110000000101011001
11111111111111110000111001010111
11111111111111110001101000101010
11111111111111110010100100101000
11111111111111110011011011100110
11111111111111110100010101110110
11111111111111110101000100110101
11111111111111110101110110101000
11111111111111110110100111001001
11111111111111110111100001111100
11111111111111111000011100010100
11111111111111111001011000101000
11111111111111111010001100110010
11111111111111111011000000110010
11111111111111111011110011000010
11111111111111111100101011011101
11111111111111111101100100101110
11111111111111111110100000001101
11111111111111111111010111010010
00000000000000000000001101010101
00000000000000000001000000110111
00000000000000000001110111100110
00000000000000000010110000010000
00000000000000000011101011011111
00000000000000000100100011100010
00000000000000000101011000011111
00000000000000000110001010011010
00000000000000000110111111001111
00000000000000000111110111010111
00000000000000001000110001110011
00000000000000001001101001000010
00000000000000001010011100101111
00000000000000001011001101110101
00000000000000001100000000111101
00000000000000001100110110000001
00000000000000001101101100001000
00000000000000001110100000010100
00000000000000001111010011000001
00000000000000010000000100101011
00000000000000010000110110010101
00000000000000010001100110110110
00000000000000010010010110110100
00000000000000010011000110110110
00000000000000010011110111111111
00000000000000010100101000101000
00000000000000010101010111010110
00000000000000010110000011010111
00000000000000010110101110100101
00000000000000010111011010100001
00000000000000011000000111101110
00000000000000011000110100000101
00000000000000011001011110010000
00000000000000011010000110011101
00000000000000011010101110010110
00000000000000011011010110110010
00000000000000011011111110111000
00000000000000011100100101001100
00000000000000011101001001100110
00000000000000011101101101001100
00000000000000011110010001000110
00000000000000011110110101000001
00000000000000011111011000000000
00000000000000011111111000110111
00000000000000100000011000010001
00000000000000100000110110111011
00000000000000100001010101011100
00000000000000100001110011000011
00000000000000100010001111100010
00000000000000100010101011000110
00000000000000100011000110011000
00000000000000100011100001000000
00000000000000100011111010000000
00000000000000100100010000110100
00000000000000100100100110001110
00000000000000100100111011101001
00000000000000100101010010000001
00000000000000100101101000011010
00000000000000100101111100101000
00000000000000100110001101100100
00000000000000100110011100000011
00000000000000100110101010011101
00000000000000100110111010110111
00000000000000100111001100100011
00000000000000100111011100110011
00000000000000100111101001001000
00000000000000100111110001101110
00000000000000100111111001001011
00000000000000101000000010100110
00000000000000101000001110010011
00000000000000101000011001111001
00000000000000101000100010100001
00000000000000101000100111001000
00000000000000101000101001101100
00000000000000101000101101001000
00000000000000101000110010001101
00000000000000101000110111100100
00000000000000101000111010111000
00000000000000101000111011101111
00000000000000101000111011010011
00000000000000101000111011000011
00000000000000101000111011000101
00000000000000101000111010100110
00000000000000101000111000110000
00000000000000101000110101011100
00000000000000101000110001010111
00000000000000101000101100111000
00000000000000101000101000011001
00000000000000101000100011111000
00000000000000101000011111001101
00000000000000101000011001110110
00000000000000101000010010110000
00000000000000101000001001101001
00000000000000100111111111011100
00000000000000101000000010100000
00000000000000100111010011101001
00000000000000101001001000010101
00000000000000110101111000010010
00000000000000111010100111110000
00000000000000101001100100100011
00000000000000010100000010111011
00000000000000000101101010001010
00000000000000001111101011110010
00000000000000010011011100100010
11111111111111111101001101111111
00000000000000000000110011100101
00000000000000110000000110011111
00000000000010011100010110000100
00000000000010010011010001011110
11111111111111101111011101011111
11111111111011010101100000101010
11111111111010100001011001100111
11111111111111001001101111111100
00000000000110100111100100010111
00000000001001100000110010100001
00000000000011100110111101001101
11111111111000111100001100001001
11111111110011101100101010000001
11111111111000111111000110111000
00000000000100110100000000101011
00000000001011111000001001100010
00000000001000011001111100000001
11111111111101101110001111000000
11111111110110010101101111010110
11111111110111101000101010101001
11111111111111010101101010001011
00000000000100111011100111111000
00000000000101000110111110001101
00000000000000110000001101000001
11111111111101010011000010100100
11111111111100111001010011000000
11111111111110100000100101101011
11111111111111101101101011100111
11111111111111110111011010001000
11111111111111010111100000101000
11111111111111011100010000001110
11111111111111011001100110100000
11111111111111100001001001101001
11111111111111000100000101010011
11111111111111100101111011101110
11111111111111000101101111110010
11111111111111100011010111010001
11111111111111001000010110110010
11111111111111100000111111101001
11111111111111001010100001100010
11111111111111011111000010001111
11111111111111001100010111110001
11111111111111011101011101000010
11111111111111001101111100011001
11111111111111011100001011100110
11111111111111001111010110000101
11111111111111011011010001101001
11111111111111010000101010110011
11111111111111011010100110110110
11111111111111010001101111111100
11111111111111011001111111010100
11111111111111010010101011010101
11111111111111011001101011101010
11111111111111010011110001001111
11111111111111011001101011011111
11111111111111010100101110010101
11111111111111011001100100011000
11111111111111010101011101111010
11111111111111011001101001100111
11111111111111010110011100001010
11111111111111011010000010101011
11111111111111010111011000001111
11111111111111011010010110010001
11111111111111011000001011010010
11111111111111011010110010000000
11111111111111011001001000101010
11111111111111011011011010011111
11111111111111011010000110100011
11111111111111011100000011000011
11111111111111011011000010010101
11111111111111011100110000110111
11111111111111011100000010110010
11111111111111011101100110110000
11111111111111011101001000001001
11111111111111011110100001100010
11111111111111011110001100011110
11111111111111011111011011010101
11111111111111011111010001011010
11111111111111100000011110011111
11111111111111100000100010000110
11111111111111100001101001010110
11111111111111100001101110010011
11111111111111100010101011110001
11111111111111100010111000101111
11111111111111100011111011001100
11111111111111100100010100101110
11111111111111100101010011001100
11111111111111100101101001000010
11111111111111100110011110101001
11111111111111100110111010001001
11111111111111100111110111000010
11111111111111101000011101101110
11111111111111101001011001001100
11111111111111101001111011110001
11111111111111101010101111100110
11111111111111101011010100010100
11111111111111101100001101011100
11111111111111101100111011010001
11111111111111101101110110001101
11111111111111101110100010110111
11111111111111101111011000010110
11111111111111110000000011101010
11111111111111110000111010010000
11111111111111110001101011100111
11111111111111110010100110001111
11111111111111110011011001010110
11111111111111110100010000100110
11111111111111110101000000110100
11111111111111110101110111100110
11111111111111110110101100010100
11111111111111110111100111001100
11111111111111111000011101000101
11111111111111111001010100000100
11111111111111111010000110000101
11111111111111111010111100101110
11111111111111111011110100001110
11111111111111111100110000100100
11111111111111111101101001110100
11111111111111111110100001010011
11111111111111111111010011011111
00000000000000000000000111010101
00000000000000000000111101010011
00000000000000000001111000111000
00000000000000000010110100011101
00000000000000000011101110010100
00000000000000000100100010010111
00000000000000000101010100111111
00000000000000000110001000010011
00000000000000000111000000001111
00000000000000000111111001010111
00000000000000001000110001111100
00000000000000001001100110101001
00000000000000001010011010001111
00000000000000001011001101101110
00000000000000001100000010110110
00000000000000001100110111101110
00000000000000001101101011111101
00000000000000001110011110100100
00000000000000001111010001000101
00000000000000010000000011011111
00000000000000010000110101111010
00000000000000010001100111010110
00000000000000010010011000000110
00000000000000010011001000000110
00000000000000010011111000001010
00000000000000010100100111010010
00000000000000010101010101000101
00000000000000010110000001100000
00000000000000010110101110000010
00000000000000010111011011011110
00000000000000011000001001100100
00000000000000011000110110000101
00000000000000011001011111001110
00000000000000011010000100111110
00000000000000011010101010011111
00000000000000011011010010100110
00000000000000011011111110000110
00000000000000011100101001000100
00000000000000011101001111011010
00000000000000011101101111101101
00000000000000011110001101110000
00000000000000011110101110001101
00000000000000011111010011011010
00000000000000011111111010000101
00000000000000100000011101100011
00000000000000100000111011100001
00000000000000100001010101110001
00000000000000100001101111100000
00000000000000100010001011011111
00000000000000100010101001011000
00000000000000100011000111001010
00000000000000100011100010110111
00000000000000100011111011100011
00000000000000100100010001100100
00000000000000100100100110001100
00000000000000100100111010111011
00000000000000100101010000100000
00000000000000100101100110010010
00000000000000100101111010110000
00000000000000100110001101001000
00000000000000100110011110000000
00000000000000100110101110010000
00000000000000100110111101111011
00000000000000100111001011111101
00000000000000100111010111110010
00000000000000100111100010100010
00000000000000100111101110100001
00000000000000100111111100100101
00000000000000101000001010011010
00000000000000101000010100100001
00000000000000101000011001011101
00000000000000101000011011011101
00000000000000101000011111000100
00000000000000101000100110111011
00000000000000101000110001000011
00000000000000101000111001000000
00000000000000101000111011100111
00000000000000101000111001110111
00000000000000101000110111100101
00000000000000101000110111110001
00000000000000101000111010001111
00000000000000101000111100010101
00000000000000101000111011111011
00000000000000101000111001000111
00000000000000101000110101011000
00000000000000101000110001110010
00000000000000101000101101100111
00000000000000101000101000011101
00000000000000101000100010100001
00000000000000101000011101000101
00000000000000101000011000100010
00000000000000101000010011100011
00000000000000101000001100001111
00000000000000101000000001111011
00000000000000101000000010010110
00000000000000100111010001111110
00000000000000101001000000110101
00000000000000110101101111100101
00000000000000111010101101101101
00000000000000101001110010101001
00000000000000010100010000110001
00000000000000000101101011011011
00000000000000001111011101110101
00000000000000010011100011010011
11111111111111111101001101010100
00000000000000000000110101100001
00000000000000101111010010110010
00000000000010011011111111110011
00000000000010010011101111101010
11111111111111110001100100001010
11111111111011010111000001101010
11111111111010100000011101110110
11111111111111000110001101001111
00000000000110100100011110110010
00000000001001100001100000000101
00000000000011101011111100100100
11111111111001000000110101001101
11111111110011101100101110111111
11111111111000111001110101001010
00000000000100101110011111010100
00000000001011110111000101001101
00000000001000011110011101000011
11111111111101110011100001010100
11111111110110010111100001000001
11111111110111100101100010100000
11111111111111010001110000110101
00000000000100111001111101000110
00000000000101001000100011101000
00000000000000110010100110111010
11111111111101010100000111000010
11111111111100111000101011010101
11111111111110011111101100110011
11111111111111101101001101100110
11111111111111110111101111000001
11111111111111010111100011001000
11111111111111011100011011110010
11111111111111011001010100011001
11111111111111100001100100011001
11111111111111000011101010101011
11111111111111100110001101110001
11111111111111000101011011110110
11111111111111100011101010010001
11111111111111001000001011010111
11111111111111100001010000111010
11111111111111001010010011000100
11111111111111011111001000100101
11111111111111001100001000000011
11111111111111011101100111000110
11111111111111001101111000110110
11111111111111011100011001101001
11111111111111001111001111101010
11111111111111011011010011111001
11111111111111010000011110000111
11111111111111011010101001011010
11111111111111010001101101000001
11111111111111011010001001100001
11111111111111010010101011011010
11111111111111011001101111011010
11111111111111010011101001000100
11111111111111011001101001010100
11111111111111010100101001011000
11111111111111011001101001110101
11111111111111010101011111111110
11111111111111011001101110000100
11111111111111010110011000001100
11111111111111011010000000111100
11111111111111010111010100100001
11111111111111011010011000110110
11111111111111011000001011111101
11111111111111011010110011111101
11111111111111011001000110000000
11111111111111011011011001101101
11111111111111011010000100111110
11111111111111011100000100110101
11111111111111011011000010110011
11111111111111011100110010011101
11111111111111011100000001111010
11111111111111011101100101111001
11111111111111011101000101000110
11111111111111011110100000000011
11111111111111011110001100010110
11111111111111011111011110111010
11111111111111011111010100101001
11111111111111100000011111011000
11111111111111100000011101101010
11111111111111100001100011111011
11111111111111100001101011100111
11111111111111100010101111011101
11111111111111100010111110101011
11111111111111100011111110100011
11111111111111100100010001001010
11111111111111100101001100001110
11111111111111100101100100001000
11111111111111100110100000111110
11111111111111100111000001001110
11111111111111100111111100101111
11111111111111101000011100000010
11111111111111101001010001100001
11111111111111101001110100011100
11111111111111101010101111011010
11111111111111101011011011000111
11111111111111101100010101000000
11111111111111101100111100101000
11111111111111101101110000101101
11111111111111101110011011011011
11111111111111101111010101001101
11111111111111110000000110010111
11111111111111110000111111100000
11111111111111110001101110010100
11111111111111110010100100110110
11111111111111110011010110001000
11111111111111110100001110110111
11111111111111110101000001100111
11111111111111110101111000110110
11111111111111110110101011100101
11111111111111110111100100011011
11111111111111111000011011001100
11111111111111111001010101101101
11111111111111111010001010111000
11111111111111111011000000010100
11111111111111111011110010010110
11111111111111111100101001110110
11111111111111111101100011010110
11111111111111111110100000111111
11111111111111111111011001110111
00000000000000000000001110111100
00000000000000000000111111010011
00000000000000000001110011110100
00000000000000000010101100111111
00000000000000000011101010100010
00000000000000000100100100011001
00000000000000000101011010000001
00000000000000000110001100000011
00000000000000000111000000011111
00000000000000000111110111000011
00000000000000001000101110101011
00000000000000001001100100000111
00000000000000001010011001001110
00000000000000001011001111000000
00000000000000001100000110000011
00000000000000001100111010101100
00000000000000001101101011111101
00000000000000001110011011000010
00000000000000001111001100101011
00000000000000010000000010000000
00000000000000010000111000100011
00000000000000010001101011010100
00000000000000010010011001100010
00000000000000010011000101111010
00000000000000010011110100101100
00000000000000010100100101100011
00000000000000010101010110001000
00000000000000010110000011100110
00000000000000010110101111000110
00000000000000010111011010111110
00000000000000011000001000010011
00000000000000011000110100110000
00000000000000011001011110001011
00000000000000011010000100010111
00000000000000011010101010111000
00000000000000011011010100011000
00000000000000011100000000010000
00000000000000011100101001100010
00000000000000011101001101000110
00000000000000011101101011100101
00000000000000011110001010111001
00000000000000011110101111011001
00000000000000011111010111110111
00000000000000011111111110010010
00000000000000100000011101101011
00000000000000100000110110110100
00000000000000100001001111110011
00000000000000100001101101011101
00000000000000100010001111001110
00000000000000100010101111010111
00000000000000100011001001110011
00000000000000100011011111100001
00000000000000100011110101001110
00000000000000100100001110001001
00000000000000100100101000101100
00000000000000100101000000010010
00000000000000100101010011010110
00000000000000100101100100001001
00000000000000100101110110011011
00000000000000100110001011001010
00000000000000100110011111011110
00000000000000100110110000001110
00000000000000100110111101011100
00000000000000100111001001110100
00000000000000100111010111011101
00000000000000100111100101101010
00000000000000100111110010001110
00000000000000100111111100000111
00000000000000101000000100111011
00000000000000101000001110010010
00000000000000101000011000001100
00000000000000101000100000110000
00000000000000101000100110101011
00000000000000101000101010010110
00000000000000101000101101100010
00000000000000101000110001100010
00000000000000101000110110000100
00000000000000101000111001111011
00000000000000101000111100011101
00000000000000101000111101010001
00000000000000101000111100101000
00000000000000101000111010101110
00000000000000101000111000000000
00000000000000101000110101011101
00000000000000101000110011111011
00000000000000101000110010110001
00000000000000101000110000011011
00000000000000101000101011011111
00000000000000101000100011111111
00000000000000101000011011111101
00000000000000101000010101001011
00000000000000101000010000000100
00000000000000101000001011001010
00000000000000101000000100000101
00000000000000101000000110001101
00000000000000100111010100100110
00000000000000101001000000001100
00000000000000110101101100001110
00000000000000111010101010010000
00000000000000101001110001011101
00000000000000010100010010010110
00000000000000000101101110000110
00000000000000001111011111011110
00000000000000010011100011001111
11111111111111111101001100000111
00000000000000000000110100010100
00000000000000101111010001110110
00000000000010011011111111000000
00000000000010010011101111001111
11111111111111110001100100101000
11111111111011010111000011001110
11111111111010100000011111100101
11111111111111000110001101100110
00000000000110100100011101001100
00000000001001100001011101100100
00000000000011101011111010111101
11111111111001000000110101100001
11111111110011101100110000111001
11111111111000111001110110111111
00000000000100101110011111110110
00000000001011110111000100000010
00000000001000011110011011001001
11111111111101110011100000000100
11111111110110010111100001001010
11111111110111100101100011101101
11111111111111010001110001111110
00000000000100111001111100111111
00000000000101001000100010011011
00000000000000110010100101101110
11111111111101010100000110111011
11111111111100111000101100001111
11111111111110011111101101101111
11111111111111101101001101100110
11111111111111110111101110010101
11111111111111010111100010010110
11111111111111011100011011000100
11111111111111011001010011100000
11111111111111100001100100001100
11111111111111000011101100001110
11111111111111100110010000100100
11111111111111000101011101000111
11111111111111100011100111110001
11111111111111001000000110010101
11111111111111100001001110000011
11111111111111001010010101111000
11111111111111011111001111000011
11111111111111001100001011111000
11111111111111011101100011111111
11111111111111001101110001010110
11111111111111011100010101001000
11111111111111001111010010100001
11111111111111011011011011001111
11111111111111010000100010111000
11111111111111011010100111001010
11111111111111010001100110010001
11111111111111011010000100100011
11111111111111010010101011111110
11111111111111011001110100011011
11111111111111010011101101111110
11111111111111011001101010011011
11111111111111010100100110001111
11111111111111011001100101000101
11111111111111010101011101001001
11111111111111011001101111001001
11111111111111010110011011111111
11111111111111011010000100010000
11111111111111010111010100100001
11111111111111011010010101011000
11111111111111011000001000010001
11111111111111011010110011100100
11111111111111011001001001011110
11111111111111011011011101101111
11111111111111011010000101011001
11111111111111011100000000110010
11111111111111011010111101110100
11111111111111011100110001001111
11111111111111011100000101101001
11111111111111011101101011010000
11111111111111011101000111000111
11111111111111011110011100111101
11111111111111011110000111000110
11111111111111011111011011111100
11111111111111011111010110000010
11111111111111100000100010111110
11111111111111100000100000000110
11111111111111100001100011110101
11111111111111100001101010001100
11111111111111100010101110010111
11111111111111100010111110000010
11111111111111100011111101011001
11111111111111100100010000000001
11111111111111100101001100101101
11111111111111100101100110111000
11111111111111100110100011110100
11111111111111100111000000110100
11111111111111100111111000100000
11111111111111101000010111100101
11111111111111101001010001011011
11111111111111101001111000111101
11111111111111101010110100001101
11111111111111101011011011010110
11111111111111101100010000011001
11111111111111101100110111011010
11111111111111101101101111011100
11111111111111101110011110101011
11111111111111101111011001101101
11111111111111110000001000000010
11111111111111110000111101001001
11111111111111110001101010001010
11111111111111110010100010011111
11111111111111110011010110111111
11111111111111110100010001101001
11111111111111110101000011010111
11111111111111110101110111110111
11111111111111110110101001000010
11111111111111110111100011001100
11111111111111111000011100001110
11111111111111111001010111001110
11111111111111111010001010001110
11111111111111111010111101100001
11111111111111111011110000101011
11111111111111111100101011101010
11111111111111111101100111001001
11111111111111111110100010000001
11111111111111111111010101111000
00000000000000000000001001000001
00000000000000000000111101010110
00000000000000000001110111111100
00000000000000000010110010111010
00000000000000000011101100010111
00000000000000000100100000101010
00000000000000000101010100010111
00000000000000000110001001000001
00000000000000000111000001000010
00000000000000000111111001001000
00000000000000001000110000100001
00000000000000001001100101100100
00000000000000001010011010100000
00000000000000001011001110110101
00000000000000001100000010110011
00000000000000001100110101001101
00000000000000001101100111111011
00000000000000001110011100001011
00000000000000001111010010100010
00000000000000010000001000001000
00000000000000010000111001110111
00000000000000010001100110101110
00000000000000010010010010001111
00000000000000010011000000110100
00000000000000010011110100100111
00000000000000010100101001111111
00000000000000010101011011110001
00000000000000010110000110111000
00000000000000010110101101110110
00000000000000010111010101111011
00000000000000011000000010011010
00000000000000011000110001101001
00000000000000011001011111100101
00000000000000011010001001010100
00000000000000011010101111101010
00000000000000011011010101010101
00000000000000011011111100010001
00000000000000011100100011011101
00000000000000011101001001001010
00000000000000011101101100111010
00000000000000011110001111110001
00000000000000011110110011011011
00000000000000011111010111011110
00000000000000011111111010000011
00000000000000100000011001011000
00000000000000100000110101111101
00000000000000100001010010000010
00000000000000100001110000000111
00000000000000100010001111010000
00000000000000100010101101010000
00000000000000100011000111110001
00000000000000100011011111011101
00000000000000100011110110011110
00000000000000100100001110101010
00000000000000100100100111010111
00000000000000100100111110011001
00000000000000100101010010011101
00000000000000100101100100111000
00000000000000100101110111101101
00000000000000100110001011011111
00000000000000100110011110101011
00000000000000100110101111000111
00000000000000100110111100011010
00000000000000100111001000110101
00000000000000100111010110010000
00000000000000100111100100111110
00000000000000100111110010111110
00000000000000100111111110010001
00000000000000101000000110100101
00000000000000101000001101011101
00000000000000101000010100011100
00000000000000101000011100100111
00000000000000101000100101000111
00000000000000101000101100100110
00000000000000101000110001110110
00000000000000101000110100010001
00000000000000101000110100110010
00000000000000101000110101101000
00000000000000101000110111111101
00000000000000101000111011101101
00000000000000101000111110010110
00000000000000101000111101110101
00000000000000101000111010000010
00000000000000101000110101001011
00000000000000101000110001100010
00000000000000101000101111101101
00000000000000101000101110001100
00000000000000101000101010111000
00000000000000101000100101001001
00000000000000101000011101110110
00000000000000101000010110100111
00000000000000101000001111110001
00000000000000101000001000110101
00000000000000101000000000100101
00000000000000101000000011011111
00000000000000100111010100100011
00000000000000101001000010110001
00000000000000110101101111001010
00000000000000111010101010110110
00000000000000101001101110111001
00000000000000010100001110001000
00000000000000000101101011101000
00000000000000001111100000001100
00000000000000010011100101111110
11111111111111111101001110011001
00000000000000000000110100001000
00000000000000101111001111110110
00000000000010011011111100100000
00000000000010010011101101111101
11111111111111110001100100111010
11111111111011010111000101010100
11111111111010100000100001111100
11111111111111000110001110110101
00000000000110100100011011101000
00000000001001100001011001100101
00000000000011101011110111100101
11111111111001000000110110011000
11111111110011101100110110000010
11111111111000111001111100111000
00000000000100101110100001001101
00000000001011110110111111110001
00000000001000011110010100100101
11111111111101110011011100111111
11111111110110010111100100000000
11111111110111100101101010010110
11111111111111010001110111001100
00000000000100111001111101110111
00000000000101001000011110111010
00000000000000110010100001101010
11111111111101010100000101001101
11111111111100111000101101111110
11111111111110011111110001010011
11111111111111101101010000111011
11111111111111110111101111111010
11111111111111010111100010011101
11111111111111011100011010100110
11111111111111011001010011101101
11111111111111100001100100011100
11111111111111000011101100001111
11111111111111100110010000000111
11111111111111000101011110110000
11111111111111100011101011001011
11111111111111001000001010100001
11111111111111100001001111000000
11111111111111001010010011000010
11111111111111011111001010011001
11111111111111001100001011000100
11111111111111011101101000111010
11111111111111001101111001010110
11111111111111011100011001010010
11111111111111001111001111111110
11111111111111011011010100100011
11111111111111010000011111010000
11111111111111011010101010011110
11111111111111010001101110100000
11111111111111011010001010110110
11111111111111010010101100000110
11111111111111011001101111010111
11111111111111010011101001100010
11111111111111011001101010101101
11111111111111010100101011100101
11111111111111011001101011011000
11111111111111010101100000011110
11111111111111011001101101100010
11111111111111010110010111111111
11111111111111011010000001110001
11111111111111010111010111000010
11111111111111011010011011111001
11111111111111011000001110010101
11111111111111011010110100010010
11111111111111011001000100100011
11111111111111011011011000000001
11111111111111011010000101011001
11111111111111011100001000000011
11111111111111011011000111011101
11111111111111011100110101010111
11111111111111011100000001100111
11111111111111011101100011010100
11111111111111011101000011000111
11111111111111011110100000111101
11111111111111011110010000001110
11111111111111011111100011010100
11111111111111011111010111000000
11111111111111100000011110101011
11111111111111100000011011100111
11111111111111100001100011000000
11111111111111100001101101010100
11111111111111100010110010110100
11111111111111100011000001011011
11111111111111100011111110111011
11111111111111100100010000001100
11111111111111100101001100001110
11111111111111100101100110010001
11111111111111100110100011101001
11111111111111100111000001110011
11111111111111100111111010110011
11111111111111101000011010010011
11111111111111101001010010111110
11111111111111101001111001000000
11111111111111101010110011100101
11111111111111101011011011010101
11111111111111101100010001011111
11111111111111101100111000111110
11111111111111101101110000011111
11111111111111101110011111000000
11111111111111101111011001110110
11111111111111110000001000110100
11111111111111110000111110100001
11111111111111110001101011010010
11111111111111110010100010011000
11111111111111110011010101111011
11111111111111110100010000111011
11111111111111110101000100000110
11111111111111110101111010001011
11111111111111110110101011010000
11111111111111110111100011100010
11111111111111111000011010001111
11111111111111111001010100101100
11111111111111111010001001011110
11111111111111111010111111100101
11111111111111111011110011101101
11111111111111111100101101000000
11111111111111111101100101010011
11111111111111111110011110110101
11111111111111111111010100011100
00000000000000000000001010110011
00000000000000000001000000000111
00000000000000000001111000001101
00000000000000000010101111110011
00000000000000000011101000111100
00000000000000000100100000001011
00000000000000000101010111000001
00000000000000000110001011010000
00000000000000000110111111111001
00000000000000000111110101011001
00000000000000001000101101100100
00000000000000001001100101011011
00000000000000001010011011101110
00000000000000001011001110001111
00000000000000001100000000000101
00000000000000001100110011000011
00000000000000001101101000101100
00000000000000001110011110000110
00000000000000001111010001110110
00000000000000010000000010101101
00000000000000010000110011001001
00000000000000010001100011111111
00000000000000010010010101100111
00000000000000010011000110001100
00000000000000010011110101011111
00000000000000010100100011110010
00000000000000010101010010011110
00000000000000010110000001000011
00000000000000010110101110110000
00000000000000010111011010010101
00000000000000011000000100011001
00000000000000011000101110001000
00000000000000011001011000110011
00000000000000011010000011111010
00000000000000011010101110001101
00000000000000011011010101110111
00000000000000011011111011001111
00000000000000011100011111100011
00000000000000011101000100100001
00000000000000011101101010001100
00000000000000011110001111100010
00000000000000011110110010111111
00000000000000011111010100010000
00000000000000011111110100001111
00000000000000100000010011110110
00000000000000100000110011001100
00000000000000100001010010000100
00000000000000100001101111101000
00000000000000100010001100000000
00000000000000100010100111011011
00000000000000100011000010100111
