00000000000000000000000000000000
00000000000000000000000000000000
00000000000000000000000000000000
00000000000000000000000000000000
00000000000000000000000000000000
00000000000000000000000000000000
00000000000000000000000000000000
00000000000000000000000000000000
00000000000000000000000000000000
00000000000000000000000000000000
00000000000000000000000000000000
00000000000000000000000000000000
00000000000000000000000000000000
00000000000000000000000000000000
00000000000000000000000000000000
00000000000000000000000000000000
00000000000000000000000000000000
00000000000000000000000000000000
00000000000000000000000000000000
00000000000000000000000000000000
00000000000000000000000000000000
00000000000000000000000100010000
11111111111111111111111110111110
11111111111111111111111011111110
11111111111111111111111100111101
11111111111111111111101011110100
11111111111111111111101111101101
11111111111111111111011101101001
11111111111111111111001111110111
11111111111111111111000101001001
11111111111111111110110000011010
11111111111111111110011000011110
11111111111111111110001001001110
11111111111111111101100101011100
11111111111111111100111000010100
11111111111111111101001100001000
11111111111111111011001010101100
11111111111111111100001011101010
11111111111111111010011110010000
11111111111111111001010101000011
11111111111111111010111011110010
11111111111111110110011100111000
11111111111111111001101110111101
11111111111111110110010011100011
11111111111111110101101010110111
11111111111111110111101011101101
11111111111111110010000011110010
11111111111111110110011111010101
11111111111111110001111101001001
11111111111111110010010010001110
11111111111111110011010001100110
11111111111111101111000100000111
11111111111111110010010011011110
11111111111111101110101101010001
11111111111111101111100101010101
11111111111111101110111010111100
11111111111111101101101101001100
11111111111111101110010000000100
11111111111111101100101101110011
11111111111111101101110000001010
11111111111111101011101000010000
11111111111111101101010111010110
11111111111111101011100010001110
11111111111111101011101010000010
11111111111111101100111010100011
11111111111111101001110100001000
11111111111111101101011001110110
11111111111111101010010101100010
11111111111111101011010110101101
11111111111111101100101000001011
11111111111111101001010011111100
11111111111111101101000111001010
11111111111111101010001101111001
11111111111111101011001001010111
11111111111111101100010111001001
11111111111111101001110011101001
11111111111111101100100101000101
11111111111111101010110100100111
11111111111111101011001001001110
11111111111111101100010010111101
11111111111111101010110010000010
11111111111111101100011010110011
11111111111111101100000101001110
11111111111111101100000110001100
11111111111111101101011000010110
11111111111111101100111000010110
11111111111111101110000001101110
11111111111111101110101001000011
11111111111111101110111110001100
11111111111111110000010001011111
11111111111111110000100100100011
11111111111111110001101001100001
11111111111111110010100110100111
11111111111111110011011011110110
11111111111111110100100000010101
11111111111111110101101100010100
11111111111111110110101100101101
11111111111111110111111101111110
11111111111111111001100000010101
11111111111111111001110101010111
11111111111111111100100100101111
11111111111111111100010101010000
11111111111111111110100001111000
00000000000000000000011010111101
11111111111111111111011101010011
00000000000000000100010101110110
00000000000000000001110111101100
00000000000000000101100011011101
00000000000000000110110001100011
00000000000000000101001111110110
00000000000000001011000010000001
00000000000000000111010000000100
00000000000000001011110110011101
00000000000000001011111110110101
00000000000000001011010010011100
00000000000000001111110000100001
00000000000000001100111101010010
00000000000000010000101010010010
00000000000000010000101001101100
00000000000000010001000000100001
00000000000000010011011100110001
00000000000000010011000001010110
00000000000000010100110010001111
00000000000000010101101101101111
00000000000000010110010010110001
00000000000000010111101101110110
00000000000000011000011010100011
00000000000000011001100011100000
00000000000000011010010110011100
00000000000000011011100001110001
00000000000000011100001110110100
00000000000000011100111011011000
00000000000000011111000010010101
00000000000000011101011101110111
00000000000000100001101010011000
00000000000000011111011000001101
00000000000000100001100100000010
00000000000000100011110101110100
00000000000000011111111000111100
00000000000000100111101001000011
00000000000000100001001001000100
00000000000000100110111110001001
00000000000000100110100101101010
00000000000000100011111010000101
00000000000000101011010111100110
00000000000000100100000101111110
00000000000000101011010101100001
00000000000000101000011111110010
00000000000000101000111010111110
00000000000000101100100011110111
00000000000000101000110001100101
00000000000000101101011010011100
00000000000000101011001011010110
00000000000000101100111011110110
00000000000000101101011000100100
00000000000000101101010101111011
00000000000000101110011100011101
00000000000000101110010111110000
00000000000000101111010000010100
00000000000000101111001111001011
00000000000000110000000100111111
00000000000000110000000010011010
00000000000000110000101100110110
00000000000000110000111100111011
00000000000000110001001010000010
00000000000000110001101100111111
00000000000000110001110000001100
00000000000000110010001010011001
00000000000000110010010110000010
00000000000000110010100101011100
00000000000000110010110010110111
00000000000000110011000001010111
00000000000000110011000111010111
00000000000000110011011010001011
00000000000000110011011001010101
00000000000000110011101011010010
00000000000000110011101010101010
00000000000000110011110110011000
00000000000000110011110111111011
00000000000000110011111111000111
00000000000000110011111111011000
00000000000000110100000100111010
00000000000000110100000011111010
00000000000000110100000101001111
00000000000000110100000110011000
00000000000000110100000010001100
00000000000000110100000011010001
00000000000000110011111111010101
00000000000000110011111001101011
00000000000000110011111010100111
00000000000000110011111010101110
00000000000000110010100011010101
00000000000000111000010100010010
00000000000000110110001010010011
00000000000000100000100110110011
00000000000001000010011111100001
00000000000000011011001001011011
00000000000000100110010110110001
00000000000001000010110100110000
11111111111111110010110000111000
00000000000001010000010010000101
11111111111111111100010110100110
00000000000000101101111010011011
00000000000000000111010010011010
00000000000000111000001010110101
11111111111111000011101110110000
00000000000001101111100001001110
11111111111111100000101110101100
11111111111110011101100111000111
00000000000101010111000100101111
11111111110111101001010110110101
00000000001001011101111010101010
11111111111001100101011110100101
11111111111111110111100010000010
00000000001000110101010100000010
11111111101111111110111001111110
00000000010010101111100011110000
11111111110000101111110001100111
00000000000110001000110001000011
00000000000100111110110001000001
11111111110001001000100000111011
00000000010010111110001110111101
11111111101110100100001000110111
00000000001010000010000111010001
11111111111110011111110100100000
11111111111001011111010001100111
00000000001001110111111000100000
11111111110101110010001010100110
00000000000110100101001000001010
11111111111100100010100001101111
11111111111111101101010001010000
00000000000000111010110101011000
11111111111110000001000101100100
00000000000000100010110100001111
11111111111110101010001011000101
11111111111111111111011011000000
11111111111110100110011100101001
00000000000000001010101110001010
11111111111110011010100100111100
11111111111111101100100001011110
11111111111111000110111010110101
11111111111110110111101101110011
11111111111111011111000010000000
11111111111110110101000000110100
11111111111111011100011100011000
11111111111110111000010100001001
11111111111111011001010111110110
11111111111110111011001111110000
11111111111111010110110111100000
11111111111110111101110011001001
11111111111111010100110011011010
11111111111111000000000011101101
11111111111111010011001001110011
11111111111111000010000001010100
11111111111111010001111011010001
11111111111111000011101101011110
11111111111111010001000011100101
11111111111111000101001111000001
11111111111111010000011011110001
11111111111111000110101011011010
11111111111111010000000001100011
11111111111111001000000010001111
11111111111111001111110110101001
11111111111111001001010010101011
11111111111111001111111010001000
11111111111111001010011111111001
11111111111111010000000111111011
11111111111111001011101101010111
11111111111111010000011110001100
11111111111111001100111011001011
11111111111111010000111110011011
11111111111111001110000111111010
11111111111111010001101000010010
11111111111111001111010101111011
11111111111111010010011000011001
11111111111111010000100111111101
11111111111111010011001101111111
11111111111111010001111100010110
11111111111111010100001100010000
11111111111111010011010000000011
11111111111111010101010011110111
11111111111111010100100101001001
11111111111111010110100000101100
11111111111111010110000000000101
11111111111111010111101111011010
11111111111111010111100001001000
11111111111111011001000010100000
11111111111111011001000100010101
11111111111111011010011100110010
11111111111111011010101000110000
11111111111111011011111101000010
11111111111111011100010000001010
11111111111111011101100001110101
11111111111111011101111010101010
11111111111111011111001011010110
11111111111111011111100111111101
11111111111111100000111000011101
11111111111111100001011001111111
11111111111111100010100111000010
11111111111111100011010001000011
11111111111111100100011000100010
11111111111111100101001001101011
11111111111111100110010000000000
11111111111111100111000010100100
11111111111111101000001011010111
11111111111111101000111111010101
11111111111111101010000110111101
11111111111111101011000000110111
11111111111111101100000100100011
11111111111111101101000010101001
11111111111111101110001000000001
11111111111111101111000011001011
11111111111111110000001110110101
11111111111111110001000110111000
11111111111111110010010011110011
11111111111111110011010000011100
11111111111111110100010111010001
11111111111111110101011100001101
11111111111111110110011101100010
11111111111111110111100101110001
11111111111111111000101000100100
11111111111111111001101101010100
11111111111111111010110101100110
11111111111111111011110101111010
11111111111111111101000001011010
11111111111111111110000001010110
11111111111111111111001010110111
00000000000000000000001110101101
00000000000000000001010011110101
00000000000000000010011010101000
00000000000000000011011110111100
00000000000000000100100011110011
00000000000000000101101010100001
00000000000000000110101101000010
00000000000000000111110011001001
00000000000000001000110111101101
00000000000000001001111001011011
00000000000000001011000000010110
00000000000000001100000001011100
00000000000000001101000011101101
00000000000000001110001010010010
00000000000000001111000110000011
00000000000000010000001101011010
00000000000000010001001011111111
00000000000000010010001010000001
00000000000000010011010000110001
00000000000000010100000111101111
00000000000000010101001100101000
00000000000000010110001001110100
00000000000000010111000001110101
00000000000000011000001000011001
00000000000000011000111001110000
00000000000000011001111100000011
00000000000000011010110101001110
00000000000000011011101010011100
00000000000000011100101010111001
00000000000000011101011011010001
00000000000000011110010111000100
00000000000000011111001100001000
00000000000000100000000000000011
00000000000000100000110101111100
00000000000000100001101001010010
00000000000000100010011001111111
00000000000000100011001101011010
00000000000000100011111101101101
00000000000000100100101001110100
00000000000000100101011110110000
00000000000000100110000100001001
00000000000000100110110110101111
00000000000000100111011111101000
00000000000000101000000111001000
00000000000000101000110110101001
00000000000000101001010110100001
00000000000000101010000100000000
00000000000000101010100110000010
00000000000000101011001010101100
00000000000000101011110000011100
00000000000000101100001111001101
00000000000000101100110011011101
00000000000000101101010001000111
00000000000000101101110001001000
00000000000000101110001101111111
00000000000000101110101010110110
00000000000000101111000101110100
00000000000000101111011111101110
00000000000000101111111001100100
00000000000000110000001111101100
00000000000000110000101000000101
00000000000000110000111100000110
00000000000000110001010000111110
00000000000000110001100100101001
00000000000000110001110101000001
00000000000000110010001000001000
00000000000000110010010101110010
00000000000000110010100101101111
00000000000000110010110011010010
00000000000000110010111110001101
00000000000000110011001100011001
00000000000000110011010011001011
00000000000000110011011111111011
00000000000000110011100101110110
00000000000000110011101101001101
00000000000000110011110110000101
00000000000000110011110110000011
00000000000000110100000000111001
00000000000000110011111110011001
00000000000000110100000011101000
00000000000000110100000110101000
00000000000000110100000001100000
00000000000000110100001001001001
00000000000000110100000000101101
00000000000000110100000010100100
00000000000000110100000000111100
00000000000000110011110111110111
00000000000000110011111010100011
00000000000000110011111100111111
00000000000000110010011110101000
00000000000000111000011001100100
00000000000000110110000101111100
00000000000000100000100111110111
00000000000001000010100010000100
00000000000000011011000011010111
00000000000000100110011101110010
00000000000001000010101110100111
11111111111111110010110011011000
00000000000001010000010011011100
11111111111111111100010001010110
00000000000000101110000001001000
00000000000000000111001011101001
00000000000000111000001111011011
11111111111111000011101100011010
00000000000001101111100000111100
11111111111111100000110000010000
11111111111110011101100100010110
00000000000101010111000111101110
11111111110111101001010011000111
00000000001001011101111110011001
11111111111001100101011010111000
11111111111111110111100100011000
00000000001000110101010011101000
11111111101111111110110111011100
00000000010010101111101000101010
11111111110000101111101011010010
00000000000110001000110110101000
00000000000100111110101101100110
11111111110001001000100000111010
00000000010010111110010001111100
11111111101110100100000011110001
00000000001010000010001100100101
11111111111110011111110000000011
11111111111001011111010011110111
00000000001001110111111000001001
11111111110101110010001000111101
00000000000110100101001010110010
11111111111100100010011110001111
11111111111111101101010100101110
00000000000000111010110001111111
11111111111110000001000111111011
00000000000000100010110011000111
11111111111110101010001010000111
11111111111111111111011101110010
11111111111110100110011000001000
00000000000000001010110010111101
11111111111110011010100000111011
11111111111111101100100011001011
11111111111111000110111011100101
11111111111110110111101010011101
11111111111111011111000110011101
11111111111110110100111100011101
11111111111111011100011111000010
11111111111110111000010011011111
11111111111111011001010110011001
11111111111110111011010010000110
11111111111111010110110100111101
11111111111110111101110100101000
11111111111111010100110010111100
11111111111111000000000011001010
11111111111111010011001010100100
11111111111111000010000000101101
11111111111111010001111011000101
11111111111111000011101110001010
11111111111111010001000010100010
11111111111111000101001111101110
11111111111111010000011011100110
11111111111111000110101010100110
11111111111111010000000010110001
11111111111111001000000000100011
11111111111111001111110111111111
11111111111111001001010001100101
11111111111111001111111010001110
11111111111111001010100000100100
11111111111111010000000101111000
11111111111111001011101111111100
11111111111111010000011011010000
11111111111111001100111101001001
11111111111111010000111101011110
11111111111111001110000110111100
11111111111111010001101010100000
11111111111111001111010010010101
11111111111111010010011011111101
11111111111111010000100100100110
11111111111111010011001111111001
11111111111111010001111011101011
11111111111111010100001010101111
11111111111111010011010010111010
11111111111111010101001111011011
11111111111111010100101001110000
11111111111111010110011100010001
11111111111111010110000010010100
11111111111111010111101111011010
11111111111111010111011101111110
11111111111111011001000111000011
11111111111111011000111110111101
11111111111111011010100000100001
11111111111111011010100110111011
11111111111111011011111011111101
11111111111111011100010010100110
11111111111111011101011110011000
11111111111111011101111100111100
11111111111111011111001001111011
11111111111111011111100111100111
11111111111111100000111001000011
11111111111111100001011000110111
11111111111111100010100111010000
11111111111111100011010000111111
11111111111111100100010111100111
11111111111111100101001010011001
11111111111111100110001110111101
11111111111111100111000010101010
11111111111111101000001011100101
11111111111111101000111101100101
11111111111111101010001001000100
11111111111111101010111101101011
11111111111111101100000110101111
11111111111111101101000001010101
11111111111111101110000110100001
11111111111111101111000110010000
11111111111111110000001001101111
11111111111111110001001011011011
11111111111111110010010000010110
11111111111111110011010000100011
11111111111111110100011001100111
11111111111111110101010110111111
11111111111111110110100010110000
11111111111111110111100001001011
11111111111111111000101001111011
11111111111111111001101110011011
11111111111111111010110001011110
11111111111111111011111010010111
11111111111111111100111101010000
11111111111111111110000010010100
11111111111111111111001100010000
00000000000000000000001010010000
00000000000000000001011000001101
00000000000000000010010111000011
00000000000000000011011110101100
00000000000000000100100110101001
00000000000000000101100100111010
00000000000000000110110001111101
00000000000000000111101111111000
00000000000000001000110110110111
00000000000000001001111101000111
00000000000000001010111010011001
00000000000000001100000110000010
00000000000000001101000001011011
00000000000000001110001000010011
00000000000000001111001010000111
00000000000000010000001000000010
00000000000000010001001111001101
00000000000000010010001001010010
00000000000000010011001101101001
00000000000000010100001100001101
00000000000000010101000111100010
00000000000000010110001100010101
00000000000000010111000001101010
00000000000000011000000101000101
00000000000000011000111101111110
00000000000000011001110111011111
00000000000000011010110111101110
00000000000000011011101001100000
00000000000000011100101001011000
00000000000000011101011101010010
00000000000000011110010100010100
00000000000000011111001110000001
00000000000000011111111110000001
00000000000000100000110111000001
00000000000000100001101000000100
00000000000000100010011001111100
00000000000000100011001101111001
00000000000000100011111011011000
00000000000000100100101100100100
00000000000000100101011011010010
00000000000000100110000110001110
00000000000000100110110101111111
00000000000000100111011101110110
00000000000000101000001001110110
00000000000000101000110010111100
00000000000000101001011000111111
00000000000000101010000010100110
00000000000000101010100101001101
00000000000000101011001100011011
00000000000000101011101101100111
00000000000000101100010001011011
00000000000000101100110001100100
00000000000000101101010001010110
00000000000000101101110001110010
00000000000000101110001011111010
00000000000000101110101100111011
00000000000000101111000011101010
00000000000000101111100000100010
00000000000000101111111001100110
00000000000000110000001110000000
00000000000000110000101010001110
00000000000000110000111001100110
00000000000000110001010010001110
00000000000000110001100100010011
00000000000000110001110011110000
00000000000000110010001010000001
00000000000000110010010010111111
00000000000000110010101000000011
00000000000000110010110001010001
00000000000000110010111110101110
00000000000000110011001101000001
00000000000000110011010000111001
00000000000000110011100010111110
00000000000000110011100010000100
00000000000000110011110000010000
00000000000000110011110011110010
00000000000000110011110110010110
00000000000000110100000010000111
00000000000000110011111011001001
00000000000000110100000111110100
00000000000000110100000001100100
00000000000000110100000101100111
00000000000000110100000110100111
00000000000000110100000000001101
00000000000000110100000110000001
00000000000000110011111010110001
00000000000000110011111110100001
00000000000000110011110101010000
00000000000000110011111110011100
00000000000000110010100001011000
00000000000000111000010011000110
00000000000000110110001101010011
00000000000000100000100010000101
00000000000001000010100011101000
00000000000000011011000110000111
00000000000000100110010111101000
00000000000001000010110101010010
11111111111111110010101110001111
00000000000001010000010101000111
11111111111111111100010010111010
00000000000000101101111101000010
00000000000000000111010000001100
00000000000000111000001011101000
11111111111111000011101110001001
00000000000001101111100000110111
11111111111111100000101110111110
11111111111110011101100101110111
00000000000101010111000110011001
11111111110111101001010011101010
00000000001001011101111110010011
11111111111001100101011010100100
11111111111111110111100100001100
00000000001000110101010100001010
11111111101111111110110110010010
00000000010010101111101001101101
11111111110000101111101010011011
00000000000110001000110110100100
00000000000100111110101110010101
11111111110001001000011111010111
00000000010010111110010011100110
11111111101110100100000010010001
00000000001010000010001101001001
11111111111110011111110000011011
11111111111001011111010010100001
00000000001001110111111001111010
11111111110101110010000111000110
00000000000110100101001011101100
11111111111100100010011110011101
11111111111111101101010010110110
00000000000000111010110100101110
11111111111110000001000100111011
00000000000000100010110100100100
11111111111110101010001010101100
11111111111111111111011010010011
11111111111110100110011100111011
00000000000000001010101101111100
11111111111110011010100011010010
11111111111111101100100011111111
11111111111111000110110110110111
11111111111110110111110000101101
11111111111111011111000000010011
11111111111110110100111111010110
11111111111111011100011111100111
11111111111110111000001111010010
11111111111111011001011011101001
11111111111110111011001101001011
11111111111111010110110111001111
11111111111110111101110100011011
11111111111111010100110001000011
11111111111111000000000100110001
11111111111111010011001001001010
11111111111111000010000000101110
11111111111111010001111010110110
11111111111111000011101110011110
11111111111111010001000000101110
11111111111111000101010001101001
11111111111111010000011001011001
11111111111111000110101011001100
11111111111111010000000011010100
11111111111111000111111110001100
11111111111111001111111010011000
11111111111111001001001111010001
11111111111111001111111011000011
11111111111111001010011111110111
11111111111111010000000110001100
11111111111111001011101110011001
11111111111111010000011100110100
11111111111111001100111011010110
11111111111111010000111101000001
11111111111111001110001001010000
11111111111111010001100101000100
11111111111111001111011000010101
11111111111111010010010110001101
11111111111111010000100110110011
11111111111111010011010001000111
11111111111111010001110110001011
11111111111111010100010001101010
11111111111111010011001011110110
11111111111111010101010011011011
11111111111111010100101000101101
11111111111111010110011001100111
11111111111111010110000110010001
11111111111111010111101010110110
11111111111111010111100000110110
11111111111111011001000101100000
11111111111111011000111110010100
11111111111111011010100001110001
11111111111111011010100100101110
11111111111111011011111101011111
11111111111111011100010001000110
11111111111111011101011110010101
11111111111111011101111101101101
11111111111111011111000111100011
11111111111111011111101001110001
11111111111111100000110111000100
11111111111111100001011000101001
11111111111111100010101001000000
11111111111111100011001101001110
11111111111111100100011011000001
11111111111111100101000111111010
11111111111111100110001110010110
11111111111111100111000101001010
11111111111111101000000111100000
11111111111111101001000000011110
11111111111111101010000111101001
11111111111111101010111100011111
11111111111111101100001000100111
11111111111111101100111111010101
11111111111111101110000110100100
11111111111111101111000111001111
11111111111111110000000111110101
11111111111111110001001011110100
11111111111111110010010001011010
11111111111111110011001101010111
11111111111111110100011100101101
11111111111111110101010100101100
11111111111111110110100010010011
11111111111111110111100011011100
11111111111111111000100101111110
11111111111111111001110001011100
11111111111111111010101111100101
11111111111111111011111001110101
11111111111111111100111110100011
11111111111111111110000000010100
11111111111111111111001100111100
00000000000000000000001010001001
00000000000000000001010111001000
00000000000000000010010111100011
00000000000000000011011110100100
00000000000000000100100101001010
00000000000000000101100110101110
00000000000000000110101111011011
00000000000000000111110001001101
00000000000000001000110110011110
00000000000000001001111010111110
00000000000000001010111101101101
00000000000000001100000001010011
00000000000000001101000101000001
00000000000000001110000110001110
00000000000000001111001000100000
00000000000000010000001100011001
00000000000000010001001000000110
00000000000000010010001111110011
00000000000000010011001000111100
00000000000000010100001100000100
00000000000000010101001011110100
00000000000000010110000100000000
00000000000000010111001010000100
00000000000000010111111110011111
00000000000000011000111111010001
00000000000000011001111010101000
00000000000000011010110000011011
00000000000000011011110000111101
00000000000000011100100011011111
00000000000000011101011110101000
00000000000000011110010110011001
00000000000000011111001000110111
00000000000000100000000010110000
00000000000000100000110011110000
00000000000000100001100111110100
00000000000000100010011100001101
00000000000000100011001010000110
00000000000000100011111110000000
00000000000000100100101011010001
00000000000000100101011010000000
00000000000000100110001000011000
00000000000000100110110010111111
00000000000000100111011111110110
00000000000000101000001000100001
00000000000000101000110010101110
00000000000000101001011001100101
00000000000000101010000001001010
00000000000000101010100110100000
00000000000000101011001010011010
00000000000000101011101111011111
00000000000000101100001111000011
00000000000000101100110011000010
00000000000000101101010000100111
00000000000000101101110000010011
00000000000000101110001110101001
00000000000000101110101000101100
00000000000000101111000111010101
00000000000000101111011101111010
00000000000000101111111001011111
00000000000000110000010000001101
00000000000000110000100101110011
00000000000000110000111110000110
00000000000000110001001110101001
00000000000000110001100100111111
00000000000000110001110101110010
00000000000000110010000101010000
00000000000000110010011000100100
00000000000000110010100011010000
00000000000000110010110011000100
00000000000000110011000000011010
00000000000000110011000111101111
00000000000000110011010111110010
00000000000000110011011100000100
00000000000000110011100110011011
00000000000000110011101111010100
00000000000000110011110000111000
00000000000000110011111011110011
00000000000000110011111011010111
00000000000000110100000001010011
00000000000000110100000011000111
00000000000000110100000011111111
00000000000000110100000101100001
00000000000000110100000100000001
00000000000000110100000101000111
00000000000000110011111111001000
00000000000000110100000001111111
00000000000000110011111000110000
00000000000000110011110111011001
00000000000000110100000000110011
00000000000000110010011010101001
00000000000000111000011011110101
00000000000000110110000101010001
00000000000000100000100110010000
00000000000001000010100100100000
00000000000000011011000000011001
00000000000000100110011111100001
00000000000001000010101110000010
11111111111111110010110010000100
00000000000001010000010101011100
11111111111111111100001110110101
00000000000000101110000010101101
00000000000000000111001010111000
00000000000000111000001110100100
11111111111111000011101101111000
00000000000001101111011110101101
11111111111111100000110001111111
11111111111110011101100010111101
00000000000101010111000111111000
11111111110111101001010011100100
00000000001001011101111101000101
11111111111001100101011011111011
11111111111111110111100011010110
00000000001000110101010011101110
11111111101111111110110111101011
00000000010010101111100111101111
11111111110000101111101011101001
00000000000110001000110110101000
00000000000100111110101100011110
11111111110001001000100010000100
00000000010010111110010000101111
11111111101110100100000011110010
00000000001010000010001101001100
11111111111110011111101110101001
11111111111001011111010100101101
00000000001001110111110111111111
11111111110101110010000111100011
00000000000110100101001100010001
11111111111100100010011101001000
11111111111111101101010011100111
00000000000000111010110100110000
11111111111110000001000011100011
00000000000000100010110110011011
11111111111110101010001000110001
11111111111111111111011011000011
11111111111110100110011101001111
00000000000000001010101100010010
11111111111110011010100101011011
11111111111111101100100001100011
11111111111111000110111000101111
11111111111110110111101111010110
11111111111111011111000000101000
11111111111110110100111111110011
11111111111111011100011110000100
11111111111110111000010001001111
11111111111111011001011001001111
11111111111110111011001111001100
11111111111111010110110101101000
11111111111110111101110101001000
11111111111111010100110000101101
11111111111111000000000100011100
11111111111111010011001001110010
11111111111111000001111111010011
11111111111111010001111100110011
11111111111111000011101011100000
11111111111111010001000011110010
11111111111111000101001110111100
11111111111111010000011010001011
11111111111111000110101100011000
11111111111111001111111111101100
11111111111111001000000010101000
11111111111111001111110101111111
11111111111111001001010001100011
11111111111111001111111010110001
11111111111111001010011101111000
11111111111111010000001000100010
11111111111111001011101100001110
11111111111111010000011101010111
11111111111111001100111011100111
11111111111111010000111100001011
11111111111111001110001001000001
11111111111111010001100110011001
11111111111111001111010101100011
11111111111111010010011000110000
11111111111111010000100101010001
11111111111111010011001111111111
11111111111111010001111001011000
11111111111111010100001100110110
11111111111111010011001111110001
11111111111111010101010001010011
11111111111111010100100111011001
11111111111111010110011100111001
11111111111111010110000001111010
11111111111111010111101101011010
11111111111111010111100000011000
11111111111111011001000010111000
11111111111111011001000001110001
11111111111111011010011110010110
11111111111111011010100101010110
11111111111111011011111111001010
11111111111111011100001100110000
11111111111111011101100010110011
11111111111111011101111001110001
11111111111111011111001000100101
11111111111111011111101010111111
11111111111111100000110010111100
11111111111111100001011101010110
11111111111111100010100011110000
11111111111111100011010000011001
11111111111111100100011001011001
11111111111111100101000110010110
11111111111111100110010001011000
11111111111111100111000000011011
11111111111111101000001011000110
11111111111111101000111101111111
11111111111111101010000111000101
11111111111111101010111110010100
11111111111111101100000101100100
11111111111111101101000000101000
11111111111111101110000110110011
11111111111111101111000100001011
11111111111111110000001011000101
11111111111111110001001000101100
11111111111111110010010001010110
11111111111111110011001111101001
11111111111111110100010111010000
11111111111111110101011010001001
11111111111111110110011101001000
11111111111111110111100101000011
11111111111111111000100110110111
11111111111111111001101100110001
11111111111111111010110101001001
11111111111111111011110011010110
11111111111111111101000010011111
11111111111111111101111110100011
11111111111111111111001010100110
00000000000000000000001110010010
00000000000000000001010001001000
00000000000000000010011011110110
00000000000000000011011011110001
00000000000000000100100100010011
00000000000000000101101000111111
00000000000000000110101011100100
00000000000000000111110011100010
00000000000000001000110100110111
00000000000000001001111010100111
00000000000000001010111101100010
00000000000000001100000001011010
00000000000000001101000011001100
00000000000000001110000111100110
00000000000000001111000111100010
00000000000000010000001010010111
00000000000000010001001011110011
00000000000000010010001010001010
00000000000000010011001101001110
00000000000000010100001001110100
00000000000000010101001001110010
00000000000000010110001000011011
00000000000000010111000011111001
00000000000000011000000010101111
00000000000000011000111101010011
00000000000000011001111000101110
00000000000000011010110011101100
00000000000000011011101100110000
00000000000000011100100101011001
00000000000000011101011110100100
00000000000000011110010011100100
00000000000000011111001011111001
00000000000000011111111111110101
00000000000000100000110100000101
00000000000000100001101001000010
00000000000000100010011000110101
00000000000000100011001101010001
00000000000000100011111011000101
00000000000000100100101100001010
00000000000000100101011010010111
00000000000000100110000110000000
00000000000000100110110101101110
00000000000000100111011100011011
00000000000000101000001010101100
00000000000000101000110001011010
00000000000000101001011000101001
00000000000000101010000011001010
00000000000000101010100011001000
00000000000000101011001101001000
00000000000000101011101101010101
00000000000000101100001111001000
00000000000000101100110011111011
00000000000000101101001110010111
00000000000000101101110010010100
00000000000000101110001100100101
00000000000000101110101001110011
00000000000000101111000110010011
00000000000000101111011110000101
00000000000000101111111001011101
00000000000000110000001110111101
00000000000000110000101000000000
00000000000000110000111010011101
00000000000000110001010010000100
00000000000000110001100010100110
00000000000000110001110101000011
00000000000000110010001000110000
00000000000000110010010010011110
00000000000000110010101001000010
00000000000000110010101111010111
00000000000000110010111111101100
00000000000000110011001100010011
00000000000000110011010000011100
00000000000000110011100010110001
00000000000000110011100010011110
00000000000000110011101110100101
00000000000000110011110101001110
00000000000000110011110101010010
00000000000000110100000001001011
00000000000000110011111101100111
00000000000000110100000011011011
00000000000000110100000101111101
00000000000000110100000001111100
00000000000000110100000111011110
00000000000000110100000001110100
00000000000000110100000001100001
00000000000000110100000000000001
00000000000000110011111001011001
00000000000000110011111000000001
00000000000000110011111101010000
00000000000000110010100010000110
00000000000000111000001011000011
00000000000000110110011110011110
00000000000000100000010110010010
00000000000001000010011111110100
00000000000000011011100110111100
00000000000000100101011110111011
00000000000001000011111010101000
11111111111111110001110110000011
00000000000001010000111011111001
11111111111111111011111000110100
00000000000000101110100000111000
00000000000000000110011100100011
00000000000000111001000111000000
11111111111111000011101110001100
00000000000001101101001000111110
11111111111111100110101101111011
11111111111110010100001111101110
00000000000101100001100101011111
11111111110111100001110011100101
00000000001001011110000110100000
11111111111001101111010010000111
11111111111111100100101010010101
00000000001001001100011001111110
11111111101111101010111100001111
00000000010010111001010111110110
11111111110000110011111111111000
00000000000101110111101001100101
00000000000101010111001011011000
11111111110000110000110100111010
00000000010011001110000101011110
11111111101110011111110100100101
00000000001001111011100111101101
11111111111110101100111011011101
11111111111001010001000000111000
00000000001010000010111001010010
11111111110101101100011001001111
00000000000110100110001100011011
11111111111100100100010010011010
11111111111111101010101111101100
00000000000000111100111011010000
11111111111101111111101111001010
00000000000000100011110101100101
11111111111110101001001101100110
00000000000000000000100000011011
11111111111110100101011000111100
00000000000000001011100000110001
11111111111110011010010110100001
11111111111111101100001111100000
11111111111111000111100001000011
11111111111110110111000110000101
11111111111111011111100011001010
11111111111110110100100010110001
11111111111111011100110100110001
11111111111110111000000000010110
11111111111111011001100101100010
11111111111110111011000100011100
11111111111111010111000000110110
11111111111110111101100111011000
11111111111111010101000000100101
11111111111110111111110011011001
11111111111111010011011001010010
11111111111111000001110010100000
11111111111111010010000101101010
11111111111111000011100101010101
11111111111111010001001000000011
11111111111111000101001010000000
11111111111111010000100000001010
11111111111111000110100100011010
11111111111111010000000111111111
11111111111111000111111010100000
11111111111111001111111011101111
11111111111111001001001101111011
11111111111111001111111011100001
11111111111111001010011110001000
11111111111111010000000111110101
11111111111111001011101011011000
11111111111111010000011111100000
11111111111111001100110111011000
11111111111111010001000000111010
11111111111111001110000011110011
11111111111111010001101010001000
11111111111111001111010010111000
11111111111111010010011001010001
11111111111111010000100101011001
11111111111111010011001110110010
11111111111111010001111001110001
11111111111111010100001100101111
11111111111111010011001110011000
11111111111111010101010010111111
11111111111111010100100100110001
11111111111111010110011110111101
11111111111111010101111111101010
11111111111111010111101110100111
11111111111111010111011111001111
11111111111111011001000010110100
11111111111111011001000001111111
11111111111111011010011100111010
11111111111111011010100111000001
11111111111111011011111100010110
11111111111111011100001111000001
11111111111111011101100000110101
11111111111111011101111001011000
11111111111111011111001010100110
11111111111111011111100110011100
11111111111111100000110111110101
11111111111111100001011000100000
11111111111111100010100110010000
11111111111111100011001111110001
11111111111111100100010111011101
11111111111111100101001000110011
11111111111111100110001110100111
11111111111111100111000001101110
11111111111111101000001010010000
11111111111111101000111110000010
11111111111111101010000110000010
11111111111111101010111111100110
11111111111111101100000011011001
11111111111111101101000001100100
11111111111111101110000110111001
11111111111111101111000001101001
11111111111111110000001110010101
11111111111111110001000101001101
11111111111111110010010010100011
11111111111111110011010000000101
11111111111111110100010100101011
11111111111111110101011100001100
11111111111111110110011100001011
11111111111111110111100011001110
11111111111111111000101001110111
11111111111111111001101001010010
11111111111111111010110110001010
11111111111111111011110101000010
11111111111111111100111101100000
11111111111111111110000011111110
11111111111111111111000110010110
00000000000000000000001110100010
00000000000000000001010100010000
00000000000000000010010101110110
00000000000000000011100001010010
00000000000000000100100000111000
00000000000000000101101000000111
00000000000000000110101111011100
00000000000000000111101101110111
00000000000000001000111000110110
00000000000000001001111001010111
00000000000000001010111010110010
00000000000000001100000101110111
00000000000000001100111110100000
00000000000000001110001001010110
00000000000000001111001000110001
00000000000000010000000101111101
00000000000000010001010000011110
00000000000000010010000110100001
00000000000000010011001101010110
00000000000000010100001100001001
00000000000000010101000101010001
00000000000000010110001100010001
00000000000000010111000001010001
00000000000000011000000010100100
00000000000000011000111110110110
00000000000000011001110101111100
00000000000000011010110101101000
00000000000000011011101011010101
00000000000000011100100101011001
00000000000000011101011110100101
00000000000000011110010011000000
00000000000000011111001100000110
00000000000000011111111110110011
00000000000000100000110101000011
00000000000000100001100111100010
00000000000000100010011001001110
00000000000000100011001101110010
00000000000000100011111000101010
00000000000000100100101110111000
00000000000000100101010111100011
00000000000000100110000110101101
00000000000000100110110110111101
00000000000000100111011000100100
00000000000000101000001111000110
00000000000000101000101101010000
00000000000000101001011010000111
00000000000000101010000100000110
00000000000000101010011111011000
00000000000000101011010001011111
00000000000000101011101001001010
00000000000000101100010001000001
00000000000000101100110100000010
00000000000000101101001011111110
00000000000000101101110101000101
00000000000000101110001001111000
00000000000000101110101010110100
00000000000000101111000110010111
00000000000000101111011100101001
00000000000000101111111010101100
00000000000000110000001101111110
00000000000000110000100111011010
00000000000000110000111011101100
00000000000000110001010000000000
00000000000000110001100011101111
00000000000000110001110101000010
00000000000000110010000110101100
00000000000000110010010101101000
00000000000000110010100101001010
00000000000000110010110001101111
00000000000000110010111111011010
00000000000000110011001001001100
00000000000000110011010101100110
00000000000000110011011100101111
00000000000000110011100110010101
00000000000000110011101110000101
00000000000000110011110001010010
00000000000000110011111011101100
00000000000000110011111010010011
00000000000000110100000001011111
00000000000000110100000011101110
00000000000000110100000001001110
00000000000000110100001000011111
00000000000000110100000001101110
00000000000000110100000011111011
00000000000000110100000011010111
00000000000000110011111011000111
00000000000000110011111110011111
00000000000000110011110100111000
00000000000000110011111101000011
00000000000000110010100100101110
00000000000000111000000111010011
00000000000000110110100001000001
00000000000000100000010101100000
00000000000001000010011110100011
00000000000000011011101000110010
00000000000000100101011101010000
00000000000001000011111011000101
11111111111111110001110110001110
00000000000001010000111011001100
11111111111111111011111000111001
00000000000000101110100000111111
00000000000000000110011100000011
00000000000000111001000110110010
11111111111111000011101110111110
00000000000001101101000111001101
11111111111111100110101111100100
11111111111110010100001110010111
00000000000101100001100101011100
11111111110111100001110100101110
00000000001001011110000011101111
11111111111001101111010101011001
11111111111111100100100110110000
00000000001001001100011100010010
11111111101111101010111011011000
00000000010010111001010110000101
11111111110000110100000011110001
00000000000101110111100011110110
00000000000101010111010001001011
11111111110000110000110000011110
00000000010011001110000110100100
11111111101110011111110111001001
00000000001001111011100001110001
11111111111110101101000010101010
11111111111001010000111010010000
00000000001010000010111100111001
11111111110101101100011001000110
00000000000110100110001001000000
11111111111100100100010111101001
11111111111111101010101001110101
00000000000000111100111111110000
11111111111101111111101100011000
00000000000000100011110101111110
11111111111110101001001111000000
00000000000000000000011101000010
11111111111110100101011101011011
00000000000000001011011011100010
11111111111110011010011010111001
11111111111111101100001101000100
11111111111111000111100000000110
11111111111110110111001010001101
11111111111111011111011100100010
11111111111110110100101001011011
11111111111111011100110000000100
11111111111110111000000001000010
11111111111111011001101000010000
11111111111110111010111111001111
11111111111111010111000101111010
11111111111110111101100011100001
11111111111111010101000001111111
11111111111110111111110011010000
11111111111111010011011000101110
11111111111111000001110010011111
11111111111111010010000101101000
11111111111111000011100101110100
11111111111111010001000101110100
11111111111111000101001101111100
11111111111111010000011011000010
11111111111111000110101000101000
11111111111111010000000110001100
11111111111111000111111000100101
11111111111111010000000000101110
11111111111111001001000111000001
11111111111111010000000001111000
11111111111111001010011001111001
11111111111111010000001000010010
11111111111111001011101110010001
11111111111111010000011001110100
11111111111111001100111101110001
11111111111111010000111011011000
11111111111111001110000110011111
11111111111111010001101010110101
11111111111111001111001110101111
11111111111111010010011111000110
11111111111111010000011111101011
11111111111111010011010010000010
11111111111111010001111001111001
11111111111111010100001001000010
11111111111111010011010011101001
11111111111111010101001101111100
11111111111111010100100111001100
11111111111111010110011111100110
11111111111111010101111100000011
11111111111111010111110010110011
11111111111111010111011011111101
11111111111111011001000011010101
11111111111111011001000011101000
11111111111111011010011001110100
11111111111111011010101001000101
11111111111111011011111100000110
11111111111111011100001100101100
11111111111111011101100011111011
11111111111111011101110110100011
11111111111111011111001010111011
11111111111111011111101000100001
11111111111111100000110011010011
11111111111111100001011101000001
11111111111111100010100010101010
11111111111111100011010000011100
11111111111111100100011001000100
11111111111111100101000100111101
11111111111111100110010010011110
11111111111111100110111110001010
11111111111111101000001011111101
11111111111111101000111101010011
11111111111111101010000101010101
11111111111111101011000000011101
11111111111111101100000001100101
11111111111111101101000011010011
11111111111111101110000100011011
11111111111111101111000011100001
11111111111111110000001100100101
11111111111111110001000100111000
11111111111111110010010100001100
11111111111111110011001100011110
11111111111111110100011000000011
11111111111111110101011001100001
11111111111111110110011011101010
11111111111111110111100110000000
11111111111111111000100100100101
11111111111111111001101101110110
11111111111111111010110011001110
11111111111111111011110011100100
11111111111111111101000001111101
11111111111111111101111100111011
11111111111111111111001011101010
00000000000000000000001011110011
00000000000000000001010001101100
00000000000000000010011011010000
00000000000000000011011001110110
00000000000000000100100101100111
00000000000000000101100110100100
00000000000000000110101011101101
00000000000000000111110011011110
00000000000000001000110010010001
00000000000000001001111100011101
00000000000000001010111010110111
00000000000000001100000001010111
00000000000000001101000011110000
00000000000000001110000100010110
00000000000000001111001010000001
00000000000000010000000111000111
00000000000000010001001100010011
00000000000000010010001010000101
00000000000000010011001010011100
00000000000000010100001100000011
00000000000000010101000110001111
00000000000000010110001001111000
00000000000000010111000010010101
00000000000000011000000001100110
00000000000000011000111110011001
00000000000000011001110101010110
00000000000000011010110110001000
00000000000000011011101001100110
00000000000000011100100101101111
00000000000000011101011110111001
00000000000000011110010000000101
00000000000000011111001110111001
00000000000000011111111100000111
00000000000000100000110100011001
00000000000000100001101001111100
00000000000000100010010100101111
00000000000000100011010000001001
00000000000000100011111000100011
00000000000000100100101010011111
00000000000000100101011100101110
00000000000000100110000010000101
00000000000000100110110110010110
00000000000000100111011101011011
00000000000000101000000110001011
00000000000000101000110100101010
00000000000000101001010110011011
00000000000000101010000000010110
00000000000000101010100111101110
00000000000000101011000110100111
00000000000000101011110000010010
00000000000000101100001111000110
00000000000000101100101110101101
00000000000000101101010100010011
00000000000000101101101011110011
00000000000000101110001111000001
00000000000000101110101001011100
00000000000000101111000010111101
00000000000000101111100001000101
00000000000000101111110101100110
00000000000000110000010000110001
00000000000000110000100101001111
00000000000000110000111100000001
00000000000000110001001111001111
00000000000000110001100011000110
00000000000000110001110101100000
00000000000000110010000100010001
00000000000000110010010111110101
00000000000000110010100010000111
00000000000000110010110010110111
00000000000000110010111110101100
00000000000000110011000111111101
00000000000000110011010101111101
00000000000000110011011100000010
00000000000000110011100101010000
00000000000000110011101110010011
00000000000000110011110000111011
00000000000000110011111001100011
00000000000000110011111100011100
00000000000000110011111110010111
00000000000000110100000100011001
00000000000000110100000001010111
00000000000000110100000101101111
00000000000000110100000011100010
00000000000000110100000010000111
00000000000000110100000010010101
00000000000000110011111100000111
00000000000000110011111100011011
00000000000000110011110100010111
00000000000000110011111110000110
00000000000000110010100001100110
00000000000000111000001000101110
00000000000000110110100000000001
00000000000000100000010011101000
00000000000001000010100000001011
00000000000000011011100110100110
00000000000000100101011101010000
00000000000001000011111011010011
11111111111111110001110101000011
00000000000001010000111010110000
11111111111111111011111010001001
00000000000000101110011110000100
00000000000000000110011110010101
00000000000000111001000101100101
11111111111111000011101101110000
00000000000001101101001010000011
11111111111111100110101011011110
11111111111110010100010010101011
00000000000101100001100001001001
11111111110111100001111000100010
00000000001001011110000001000011
11111111111001101111010101110010
11111111111111100100101010000110
00000000001001001100010100101001
11111111101111101011000110101110
00000000010010111001001001111011
11111111110000110100001101000100
00000000000101110111100001100101
00000000000101010111001011010010
11111111110000110000111101111010
00000000010011001101110110101001
11111111101110100000000101001010
00000000001001111011011011010010
11111111111110101101000000110110
11111111111001010001000100001000
00000000001010000010110000011101
11111111110101101100100100110100
00000000000110100110000011011001
11111111111100100100010111100110
11111111111111101010110000011010
00000000000000111100110111101100
11111111111101111111110101000000
00000000000000100011110001110100
11111111111110101001010000001100
00000000000000000000100001110100
11111111111110100101010111000011
00000000000000001011100101000000
11111111111110011010010100001010
11111111111111101100010010110001
11111111111111000111100000101101
11111111111110110111000110111101
11111111111111011111100101110010
11111111111110110100100000100001
11111111111111011100111010000001
11111111111110110111111100111001
11111111111111011001101001100100
11111111111110111011000100111001
11111111111111010110111111010110
11111111111110111101101101001111
11111111111111010100111011111110
11111111111110111111111000110010
11111111111111010011011000111011
11111111111111000001110001111000
11111111111111010010001010100011
11111111111111000011100010011101
11111111111111010001001011111001
11111111111111000101001010101101
11111111111111010000011111110110
11111111111111000110101000001011
11111111111111010000000110101001
11111111111111000111111101101111
11111111111111001111111011100101
11111111111111001001001111111111
11111111111111001111111100100011
11111111111111001010011110100010
11111111111111010000001011001110
11111111111111001011101001001100
11111111111111010000100100101101
11111111111111001100110101100111
11111111111111010001000010111001
11111111111111001110000111100000
11111111111111010001100110100101
11111111111111001111011001110000
11111111111111010010010110010101
11111111111111010000101000000011
11111111111111010011010001111000
11111111111111010001110111000011
11111111111111010100010010011000
11111111111111010011001100011101
11111111111111010101010101001011
11111111111111010100100111001001
11111111111111010110011101110001
11111111111111010110000011011001
11111111111111010111101101110011
11111111111111010111100001101001
11111111111111011001000011011100
11111111111111011001000011000100
11111111111111011010011110100011
11111111111111011010100110110100
11111111111111011011111111101000
11111111111111011100001101001100
11111111111111011101100100101010
11111111111111011101111000101011
11111111111111011111001011011100
11111111111111011111101001100110
11111111111111100000110100111101
11111111111111100001011101101010
11111111111111100010100011100100
11111111111111100011010010010101
11111111111111100100011000101000
11111111111111100101000111010110
11111111111111100110010010010001
11111111111111100110111111100100
11111111111111101000001100110001
11111111111111101000111101110101
11111111111111101010000110100110
11111111111111101011000000010010
11111111111111101100000011101110
11111111111111101101000001111010
11111111111111101110000111001010
11111111111111101111000010100111
11111111111111110000001100110101
11111111111111110001000111110011
11111111111111110010010000010000
11111111111111110011010001101010
11111111111111110100010101000101
11111111111111110101011001100111
11111111111111110110011111111001
11111111111111110111011111011101
11111111111111111000101011011111
11111111111111111001101001101000
11111111111111111010110010111011
11111111111111111011111000000011
11111111111111111100111010101101
11111111111111111110000011001111
11111111111111111111000111110101
00000000000000000000001010110011
00000000000000000001010101000101
00000000000000000010010101110111
00000000000000000011011100101111
00000000000000000100100100001101
00000000000000000101100100001000
00000000000000000110101101100000
00000000000000000111110000111010
00000000000000001000110001001000
00000000000000001001111101010100
00000000000000001010110111010001
00000000000000001100000001111101
00000000000000001101000010010000
00000000000000001110000001100001
00000000000000001111001010111100
00000000000000010000000011010111
00000000000000010001001100000001
00000000000000010010001000010001
00000000000000010011000111111010
00000000000000010100001011010010
00000000000000010101000011011010
00000000000000010110001000100101
00000000000000010110111111100101
00000000000000011000000000100010
00000000000000011000111010101011
00000000000000011001110100110100
00000000000000011010110010100110
00000000000000011011100111000010
00000000000000011100100101011101
00000000000000011101011000001101
00000000000000011110010010100101
00000000000000011111000111111000
00000000000000011111111010110100
00000000000000100000110100000101
00000000000000100001100000111001
00000000000000100010011001001111
00000000000000100011000111000100
00000000000000100011110111001001
00000000000000100100101010100010
00000000000000100101010010100100
00000000000000100110000101110111
00000000000000100110101110101101
00000000000000100111011001000100
00000000000000101000000111110001
00000000000000101000101010001100
00000000000000101001010111011110
