00000000000000000000000000000000
00000000000000000000000000000000
00000000000000000000000000000000
00000000000000000000000000000000
00000000000000000000000000000000
00000000000000000000000000000000
00000000000000000000000000000000
00000000000000000000000000000000
00000000000000000000000000000000
00000000000000000000000000000000
00000000000000000000000000000000
00000000000000000000000000000000
00000000000000000000000000000000
00000000000000000000000000000000
00000000000000000000000000000000
00000000000000000000000000000000
00000000000000000000000000000000
00000000000000000000000000000000
00000000000000000000000000000000
00000000000000000000000000000000
00000000000000000000000000000000
11111111111111111111110111100000
11111111111111111111101000100100
11111111111111111111010010110000
11111111111111111110101101001110
11111111111111111101111001100010
11111111111111111100110110111000
11111111111111111011101100111010
11111111111111111010100001001000
11111111111111111001011001100010
11111111111111111000011100011100
11111111111111110111111001001110
11111111111111110111110101000000
11111111111111111000001111100100
11111111111111111001001011001000
11111111111111111010011001001110
11111111111111111011011110011100
11111111111111111100000010111000
11111111111111111011100111001100
11111111111111111001101101110010
11111111111111110101111010000100
11111111111111110000001000100010
11111111111111101000101000011110
11111111111111011111111110110100
11111111111111010111011010010000
11111111111111010000010100111010
11111111111111001100101111101110
11111111111111001110110101011010
11111111111111011000110010011110
11111111111111101100110111110000
00000000000000001100111010101100
00000000000000111010011100101010
00000000000001110110011101010110
00000000000011000001010111011100
00000000000100011011001111011000
00000000000110000011101000101110
00000000000111111001100001010100
00000000001001111011110101100100
00000000001100001001010000010100
00000000001110100000001101110110
00000000010000111111001101010010
00000000010011100100011100011000
00000000010110001110001011011100
00000000011000111010101000100010
00000000011011100111110010010110
00000000011110010011101011011000
00000000100000111100001100010100
00000000100011011111001100000010
00000000100101111010101011110000
00000000101000001100111010101110
00000000101010010100010111110010
00000000101100001111110101011100
00000000101101111110100100000110
00000000101111100000001001011100
00000000110000110100010011110010
00000000110001111011000101110010
00000000110010110100011101010010
00000000110011100000000010001000
00000000110011111101010000111000
00000000110100001011010101110010
00000000110100001000111100100110
00000000110011110100110110011110
00000000110011001101100000111010
00000000110010010001101010001010
00000000110001000000100111001000
00000000101111011010010000111000
00000000101101011111010101000000
00000000101011010001010011101010
00000000101000110010110101111110
00000000100110000111010100111010
00000000100011010010101011111000
00000000100000011001001101110000
00000000011101011111010111011110
00000000011010101001010011001100
00000000010111111010101011000100
00000000010101010110010010011110
00000000010010111110001110000010
00000000010000110011100001011100
00000000001110110110001101101100
00000000001101000101101011100010
00000000001011100000101110110100
00000000001010000101011111101000
00000000001000110001110100010110
00000000000111100011100001011000
00000000000110011000011000000000
00000000000101001110000111101110
00000000000100000010101011100000
00000000000010110100010111011010
00000000000001100001100111000110
00000000000000001001011000011110
11111111111110101011000110000000
11111111111101000110101100001000
11111111111011011100100110001000
11111111111001101101100101101010
11111111110111111010111011110010
11111111110110000110000110000010
11111111110100010000100110011010
11111111110010011100000111000000
11111111110000101001110100011100
11111111101110111010110110000100
11111111101101001111111010010110
11111111101011101001001100011100
11111111101010000110100101000000
11111111101000100111011111111100
11111111100111001011010010011100
11111111100101110001001011010010
11111111100100011000010110010010
11111111100010111111111110101100
11111111100001100111110101010010
11111111100000001111011111110010
11111111011110110111000011101110
11111111011101011110101111101000
11111111011100000110111110110000
11111111011010101111111010100010
11111111011001011010000011010100
11111111011000000101100111111110
11111111010110110010110100110100
11111111010101100001100001110100
11111111010100010001111001001000
11111111010011000011100010101000
11111111010001110110010011101110
11111111010000101010000111000110
11111111001111011110110001111000
11111111001110010100010011101010
11111111001101001010101001011000
11111111001100000001110100111000
11111111001010111010001011001100
11111111001001110011110111001100
11111111001000101111000110101010
11111111000111101100001110010000
11111111000110101011011001000000
11111111000101101100110010110010
11111111000100110000100100111100
11111111000011110110101001001010
11111111000010111111000100010000
11111111000010001001101001101010
11111111000001010110010101011110
11111111000000100101000001100010
11111110111111110101011101001000
11111110111111000111101010101000
11111110111110011011011110101110
11111110111101110000111001100100
11111110111101000111111000111100
11111110111100100000011111111100
11111110111011111010110000001100
11111110111011010110101000000100
11111110111010110100010001011000
11111110111010010011101010100100
11111110111001110100110011111110
11111110111001010111110001000010
11111110111000111100100010000010
11111110111000100011000001011100
11111110111000001011010011110000
11111110110111110101010011110000
11111110110111100001000101000000
11111110110111001110011110011110
11111110110110111101100110101010
11111110110110101110010001010010
11111110110110100000101100000110
11111110110110010100100111101010
11111110110110001010001010111100
11111110110110000001010001110010
11111110110101111001111100111010
11111110110101110100001000101100
11111110110101101111110101011100
11111110110101101101000000001000
11111110110101101011101000100100
11111110110101101011101011010110
11111110110101101101001000001100
11111110110101101111111100011110
11111110110101110011101101101100
11111110110101111010110011100110
11111110110101111011010011011110
11111110110101110001011111110000
11111110110101111011111010001110
11111110110101101111000000000010
11111110110101100111110110010110
11111110110101100011000011101010
11111110110101100001110000100100
11111110110101110110100000110000
11111110110110001001100101110010
11111110110110101111100110010110
11111110110111011100101101011110
11111110111000101001101000101000
11111110111001011111110101000100
11111110111010101001001000111100
11111110111011011100000110110100
11111110111011101100100100110010
11111110111011010000011110111100
11111110111010010110101110100010
11111110111000011101000110111000
11111110110110001100001010110000
11111110110011011110100011011100
11111110110001010111000100111000
11111110101111101011011001001010
11111110101111111101001111011100
11111110110010010100100101100000
11111110110111010000010111100000
11111110111111011010010001000010
11111111001010010111000000010110
11111111011000010101110101001100
11111111101000011111100111110110
11111111111001111010001111001100
00000000001100000111001000100010
00000000011101101001001001110100
00000000101101101001110100101000
00000000111011101000000110100000
00000001000110101011110011101100
00000001001110100100111001001110
00000001010011101011111101110110
00000001010101110011100101001110
00000001010110000010000100001100
00000001010100011100100010000100
00000001010001111010100100110110
00000001001111011010110110100100
00000001001100110100000100000000
00000001001011000000011010101010
00000001001001110101101000001000
00000001001001011110110001100010
00000001001001100110100101010000
00000001001010010000111101100000
00000001001011011000001011100010
00000001001100001111010000001010
00000001001101001001101100111110
00000001001101111101001001111110
00000001001110010111010101100100
00000001001110100011111000100100
00000001001110110000001001001010
00000001001110101000100110010110
00000001001110011110101000110100
00000001001110001000011110000000
00000001001101111111001111010000
00000001001101101100110011110100
00000001001101110011000101111010
00000001001101010111100111111010
00000001001101011111010011010000
00000001001101010110001011011010
00000001001101010010101101000110
00000001001101001000010000110110
00000001001101000000111100110010
00000001001100110011110010011010
00000001001100101000111010000100
00000001001100011000110110001010
00000001001100001010010111110000
00000001001011110111010001101110
00000001001011100101001100010010
00000001001011001110111101010110
00000001001010111001010000101010
00000001001010011111110011111100
00000001001010000110100000011100
00000001001001101001110010000000
00000001001001001100111000001100
00000001001000101100110101000010
00000001001000001100010101010000
00000001000111101000111010111100
00000001000111000100110101011010
00000001000110011110000001101000
00000001000101110110010110111110
00000001000101001100001000010010
00000001000100100000111001001110
00000001000011110011001111000110
00000001000011000100011100110110
00000001000010010011010111100010
00000001000001100001000100001010
00000001000000101100100100100000
00000000111111110110110010100010
00000000111110111110111010100100
00000000111110000101101100111000
00000000111101001010011111000000
00000000111100001101111001100110
00000000111011001111011001011010
00000000111010001111100000100100
00000000111001001101110010011100
00000000111000001010101011110010
00000000110111000101110101000010
00000000110101111111100110101110
00000000110100110111101101101000
00000000110011101110011110101010
00000000110010100011101010001000
00000000110001010111100001101100
00000000110000001001111000111100
00000000101110111010111110101110
00000000101101101010101000111100
00000000101100011001000100100010
00000000101011000110001001100110
00000000101001110010000011001010
00000000101000011100101011001110
00000000100111000110001011100100
00000000100101101110011111111010
00000000100100010101110001001010
00000000100010111011111100000100
00000000100001100001001000110110
00000000100000000101010101100000
00000000011110101000101001010010
00000000011101001011000011010000
00000000011011101100101001101100
00000000011010001101011100010110
00000000011000101101100001000010
00000000010111001100110111101100
00000000010101101011100101101000
00000000010100001001101011100000
00000000010010100111001110001010
00000000010001000100001110011110
00000000001111100000110001001100
00000000001101111100110111110000
00000000001100011000100110100100
00000000001010110011111111011100
00000000001001001111000110101010
00000000000111101001111110010100
00000000000110000100101010011110
00000000000100011111001101011010
00000000000010111001101011000000
00000000000001010100000101101010
11111111111111101110100001000100
11111111111110001000111111110010
11111111111100100011100101011000
11111111111010111110010100010110
11111111111001011001010000011110
11111111110111110100011100000110
11111111110110001111111010110110
11111111110100101011101111011100
11111111110011000111111101010110
11111111110001100100100111001110
11111111110000000001110000011100
11111111101110011111011100000110
11111111101100111101101101001000
11111111101011011100100110101000
11111111101001111100001011111000
11111111101000011100011111011010
11111111100110111101100100011010
11111111100101011111011101100110
11111111100100000010001101110100
11111111100010100101110111101110
11111111100001001010011101110100
11111111011111110000000010110010
11111111011110010110101001001110
11111111011100111110010011001110
11111111011011100111000011101000
11111111011010010000111100111000
11111111011000111100000001000110
11111111010111101000010010111010
11111111010110010101110100111010
11111111010101000100101001010000
11111111010011110100110010010010
11111111010010100110010001111100
11111111010001011001001010110000
11111111010000001101011110010100
11111111001111000011001110100110
11111111001101111010011101011000
11111111001100110011001100001010
11111111001011101101011100101100
11111111001010101001010000010100
11111111001001100110101000101000
11111111001000100101100111001000
11111111000111100110001101000000
11111111000110101000011011101100
11111111000101101100010100011000
11111111000100110001111000001000
11111111000011111001001000000100
11111111000011000010000101000000
11111111000010001100101111010110
11111111000001011001000111111100
11111111000000100111001111000110
11111110111111110111000100111100
11111110111111001000101001111010
11111110111110011011111101111110
11111110111101110001000001011100
11111110111101000111110100100010
11111110111100100000010111001100
11111110111011111010101001110010
11111110111011010110101100011110
11111110111010110100011111001110
11111110111010010100000010000110
11111110111001110101010101000110
11111110111001011000010111111100
11111110111000111101001010001000
11111110111000100011101011011000
11111110111000001011111010111000
11111110110111110101110111111110
11111110110111100001100001111110
11111110110111001110110111110110
11111110110110111101111000100100
11111110110110101110100011011000
11111110110110100000110111001000
11111110110110010100110010100110
11111110110110001010010100110110
11111110110110000001011100010110
11111110110101111010000111101000
11111110110101110100010101010110
11111110110101110000000011110000
11111110110101101101010000111000
11111110110101101011111011000010
11111110110101101011111111111100
11111110110101101101011101101010
11111110110101110000010011000000
11111110110101110100000011111100
11111110110101111011001001100010
11111110110101111011101000011000
11111110110101110001110011101100
11111110110101111100001100110110
11111110110101101111010001101010
11111110110101101000000110110110
11111110110101100011010011011000
11111110110101100001111111011000
11111110110101110110101110111100
11111110110110001001110010110000
11111110110110101111110010010110
11111110110111011100111000000100
11111110111000101001110001101110
11111110111001011111111100100100
11111110111010101001001111000100
11111110111011011100001011100110
11111110111011101100101000101110
11111110111011010000100010011000
11111110111010010110110001111110
11111110111000011101001010111100
11111110110110001100001111100110
11111110110011011110101001010100
11111110110001010111001100000000
11111110101111101011100001010000
11111110101111111101011000100010
11111110110010010100101111001100
11111110110111010000100001101010
11111110111111011010011011100010
11111111001010010111001011011000
11111111011000010110000000110100
11111111101000011111110100001110
11111111111001111010011100110010
00000000001100000111010111100010
00000000011101101001011010011010
00000000101101101010000110110100
00000000111011101000011001111110
00000001000110101100001000000000
00000001001110100101001101101110
00000001010011101100010001110010
00000001010101110011110111111000
00000001010110000010010100111010
00000001010100011100101111111110
00000001010001111010101111101010
00000001001111011010111110011000
00000001001100110100001000100100
00000001001011000000011100011110
00000001001001110101100111100100
00000001001001011110101111001010
00000001001001100110100001110100
00000001001010010000111001101100
00000001001011011000001000001000
00000001001100001111001101111010
00000001001101001001101100100000
00000001001101111101001011110000
00000001001110010111011010000110
00000001001110100100000000000110
00000001001110110000010011100100
00000001001110101000110011011100
00000001001110011110111000000000
00000001001110001000101110101100
00000001001101111111100000011000
00000001001101101101000100100000
00000001001101110011010100111100
00000001001101010111110100100110
00000001001101011111011100111100
00000001001101010110010001100110
00000001001101010010101111110100
00000001001101001000010000011000
00000001001101000000111001111000
00000001001100110011101101111110
00000001001100101000110101001000
00000001001100011000110001110110
00000001001100001010010101000010
00000001001011110111010001010010
00000001001011100101001110101000
00000001001011001111000010101110
00000001001010111001011000111100
00000001001010011111111110101100
00000001001010000110101101001100
00000001001001101001111111111010
00000001001001001101000110101110
00000001001000101101000011100000
00000001001000001100100011000010
00000001000111101001000111100100
00000001000111000101000000100110
00000001000110011110001011001010
00000001000101110110011110110100
00000001000101001100001110101000
00000001000100100000111110001000
00000001000011110011010010111110
00000001000011000100100000001110
00000001000010010011011010110110
00000001000001100001000111111110
00000001000000101100101001011110
00000000111111110110111001001100
00000000111110111111000011011100
00000000111110000101111000100100
00000000111101001010101101111000
00000000111100001110001011101110
00000000111011001111101110111100
00000000111010001111111001011100
00000000111001001110001110011000
00000000111000001011001010010010
00000000110111000110010101101010
00000000110110000000001000101010
00000000110100111000010000010000
00000000110011101111000000111110
00000000110010100100001011100010
00000000110001011000000001011100
00000000110000001010010110011010
00000000101110111011011001101000
00000000101101101011000001001110
00000000101100011001011010011000
00000000101011000110011101011000
00000000101001110010010101101010
00000000101000011100111101011000
00000000100111000110011110000110
00000000100101101110110011110000
00000000100100010110000111001010
00000000100010111100010100101000
00000000100001100001100100010110
00000000100000000101110011110100
00000000011110101001001010000110
00000000011101001011100101101110
00000000011011101101001101001000
00000000011010001101111111100010
00000000011000101110000010110110
00000000010111001101010111001110
00000000010101101100000010000010
00000000010100001010000100001110
00000000010010100111100010111010
00000000010001000100011111100000
00000000001111100000111111000110
00000000001101111101000011010100
00000000001100011000110000110110
00000000001010110100001001110100
00000000001001001111010010001110
00000000000111101010001100000110
00000000000110000100111011001010
00000000000100011111100001101010
00000000000010111010000010101110
00000000000001010100100000011010
11111111111111101110111110011000
11111111111110001001011110101010
11111111111100100100000100111100
11111111111010111110110011110010
11111111111001011001101111000000
11111111110111110100111001100000
11111111110110010000010111000110
11111111110100101100001011000100
11111111110011001000011001000100
11111111110001100101000011110100
11111111110000000010001110111110
11111111101110011111111101000110
11111111101100111110010001010000
11111111101011011101001101111000
11111111101001111100110101101110
11111111101000011101001011010100
11111111100110111110010001010010
11111111100101100000001010001110
11111111100100000010111001000110
11111111100010100110100000101000
11111111100001001011000011101100
11111111011111110000100101001000
11111111011110010111001000001010
11111111011100111110101111001110
11111111011011100111011101010110
11111111011010010001010101001100
11111111011000111100011001000110
11111111010111101000101011010110
11111111010110010110001110001110
11111111010101000101000011110100
11111111010011110101001110001000
11111111010010100110101110110100
11111111010001011001101000000010
11111111010000001101111011100000
11111111001111000011101011000000
11111111001101111010111000100010
11111111001100110011100101100110
11111111001011101101110100001110
11111111001010101001100101111010
11111111001001100110111100011110
11111111001000100101111001001100
11111111000111100110011101100110
11111111000110101000101010111100
11111111000101101100100010011100
11111111000100110010000101001100
11111111000011111001010100000000
11111111000011000010001111110000
11111111000010001100111001001010
11111111000001011001010000111000
11111111000000100111010111010110
11111110111111110111001101001010
11111110111111001000110010101000
11111110111110011100000111110100
11111110111101110001001101001000
11111110111101001000000010101100
11111110111100100000101000010110
11111110111011111010111110001000
11111110111011010111000011110010
11111110111010110100111001001100
11111110111010010100011101111000
11111110111001110101110001101010
11111110111001011000110100010010
11111110111000111101100101011000
11111110111000100100000100011110
11111110111000001100010001010010
11111110110111110110001011011110
11111110110111100001110010100010
11111110110111001111000101110100
11111110110110111110000100110000
11111110110110101110101110011100
11111110110110100001000010000000
11111110110110010100111110000010
11111110110110001010100001011100
11111110110110000001101010100100
11111110110101111010010111110000
11111110110101110100100111001110
11111110110101110000010110111100
11111110110101101101100101000100
11111110110101101100001111100100
11111110110101101100010100100100
11111110110101101101110001110100
11111110110101110000100110010110
11111110110101110100010110010110
11111110110101111011011010111100
11111110110101111011111000101000
11111110110101110010000010110100
11111110110101111100011010110110
11111110110101101111011110011100
11111110110101101000010010010110
11111110110101100011011101100110
11111110110101100010001000010010
11111110110101110110110110011000
11111110110110001001111001000000
11111110110110101111110111011100
11111110110111011100111011111110
11111110111000101001110100110100
11111110111001011111111111000010
11111110111010101001010000111100
11111110111011011100001101001000
11111110111011101100101010000000
11111110111011010000100011101100
11111110111010010110110011010100
11111110111000011101001100010010
11111110110110001100010001010010
11111110110011011110101011010100
11111110110001010111001110100010
11111110101111101011100100010110
11111110101111111101011100010110
11111110110010010100110011110000
11111110110111010000100110111010
11111110111111011010100001011110
11111111001010010111010001101010
11111111011000010110000111001100
11111111101000011111111010011110
11111111111001111010100010100000
00000000001100000111011100100000
00000000011101101001011110011100
00000000101101101010001001110110
00000000111011101000011100000110
00000001000110101100001001100000
00000001001110100101001111000000
00000001010011101100010011011000
00000001010101110011111010010010
00000001010110000010011000101010
00000001010100011100110101101110
00000001010001111010110111111000
00000001001111011011001001001110
00000001001100110100010110100000
00000001001011000000101101010000
00000001001001110101111010110110
00000001001001011111000100100010
00000001001001100110111000010100
00000001001010010001010000010010
00000001001011011000011101101010
00000001001100001111100000111110
00000001001101001001111100000000
00000001001101111101010110110010
00000001001110010111100000001000
00000001001110100100000001001100
00000001001110110000010000010000
00000001001110101000101100110110
00000001001110011110101111110010
00000001001110001000100110101100
00000001001101111111011010110110
00000001001101101101000011001110
00000001001101110011011001110110
00000001001101011000000000110100
00000001001101011111110000111110
00000001001101010110101101011110
00000001001101010011010010110000
00000001001101001000111001000110
00000001001101000001100110110100
00000001001100110100011101000110
00000001001100101001100100101010
00000001001100011001100000000010
00000001001100001011000000100100
00000001001011110111111001001110
00000001001011100101110010100000
00000001001011001111100010100010
00000001001010111001110100111010
00000001001010100000010111011000
00000001001010000111000011100000
00000001001001101010010100110100
00000001001001001101011010110010
00000001001000101101010111101110
00000001001000001100111000001000
00000001000111101001011101110110
00000001000111000101011000110010
00000001000110011110100101010110
00000001000101110110111011001010
00000001000101001100101101000010
00000001000100100001011110001100
00000001000011110011110100011000
00000001000011000101000010010110
00000001000010010011111100111010
00000001000001100001101001011100
00000001000000101101001001101100
00000000111111110111010111101010
00000000111110111111011111111100
00000000111110000110010010111110
00000000111101001011000110010000
00000000111100001110100010011100
00000000111011010000000100011110
00000000111010010000001110001010
00000000111001001110100010101000
00000000111000001011011110100000
00000000110111000110101001111000
00000000110110000000011100111110
00000000110100111000100100100100
00000000110011101111010101000010
00000000110010100100011110111110
00000000110001011000010100000010
00000000110000001010101000000010
00000000101110111011101010011100
00000000101101101011010001001100
00000000101100011001101001110100
00000000101011000110101100110110
00000000101001110010100101100010
00000000101000011101001101110100
00000000100111000110101111101110
00000000100101101111000110101010
00000000100100010110011010111100
00000000100010111100101001011000
00000000100001100001111001011110
00000000100000000110001001000000
00000000011110101001011111001010
00000000011101001011111010010000
00000000011011101101100001001000
00000000011010001110010011010110
00000000011000101110010110100110
00000000010111001101101011011110
00000000010101101100010111011000
00000000010100001010011011000000
00000000010010100111111011011010
00000000010001000100111001111110
00000000001111100001011011010000
00000000001101111101100000101010
00000000001100011001001110111000
00000000001010110100100111101010
00000000001001001111101111001100
00000000000111101010100111011110
00000000000110000101010100011110
00000000000100011111111000100010
00000000000010111010010111100100
00000000000001010100110011011110
11111111111111101111010000001010
11111111111110001001110000001000
11111111111100100100010110101100
11111111111010111111000110011110
11111111111001011010000011000110
11111111110111110101001111001000
11111111110110010000101110010010
11111111110100101100100011010110
11111111110011001000110001111000
11111111110001100101011100110000
11111111110000000010100111100110
11111111101110100000010101000010
11111111101100111110101000010000
11111111101011011101100100001010
11111111101001111101001011011000
11111111101000011101100000101100
11111111100110111110100110110000
11111111100101100000100000000010
11111111100100000011001111100010
11111111100010100110110111100110
11111111100001001011011011001000
11111111011111110000111100111100
11111111011110010111011111111000
11111111011100111111000110101010
11111111011011100111110100011010
11111111011010010001101011101100
11111111011000111100101111001110
11111111010111101001000001011100
11111111010110010110100100110110
11111111010101000101011011100000
11111111010011110101100111100000
11111111010010100111001010100000
11111111010001011010000110001110
11111111010000001110011100100000
11111111001111000100001110110010
11111111001101111011011110011110
11111111001100110100001101011100
11111111001011101110011101000100
11111111001010101010001110111010
11111111001001100111100100111010
11111111001000100110100000011000
11111111000111100111000010110110
11111111000110101001001101111100
11111111000101101101000010111100
11111111000100110010100011000100
11111111000011111001101111011010
11111111000011000010101000110110
11111111000010001101010000010000
11111111000001011001100110011000
11111111000000100111101011011000
11111110111111110111011111111100
11111110111111001001000100010010
11111110111110011100011000100000
11111110111101110001011100101000
11111110111101001000010000110010
11111110111100100000110100110100
11111110111011111011001000110010
11111110111011010111001100100000
11111110111010110100111111101110
11111110111010010100100010101000
11111110111001110101110100111100
11111110111001011000110110010100
11111110111000111101100110110110
11111110111000100100000110000110
11111110111000001100010011101100
11111110110111110110001111011010
11111110110111100001111000010010
11111110110111001111001101110000
11111110110110111110001110111100
11111110110110101110111010100110
11111110110110100001001111011100
11111110110110010101001100010010
11111110110110001010101111100010
11111110110110000001110111100100
11111110110101111010100011000010
11111110110101110100110000001000
11111110110101110000011101001110
11111110110101101101101000110100
11111110110101101100010001000110
11111110110101101100010100010010
11111110110101101101110000110010
11111110110101110000100101001100
11111110110101110100010101110000
11111110110101111011011011111000
11111110110101111011111011011010
11111110110101110010000111100110
11111110110101111100100001110000
11111110110101101111100111001010
11111110110101101000011100011010
11111110110101100011101000100000
11111110110101100010010011011000
11111110110101110111000001001100
11111110110110001010000011000100
11111110110110110000000000010000
11111110110111011101000011101100
11111110111000101001111011010010
11111110111001100000000100010010
11111110111010101001010101010110
11111110111011011100010000110010
11111110111011101100101101000010
11111110111011010000100110010010
11111110111010010110110101100100
11111110111000011101001110001110
11111110110110001100010010110110
11111110110011011110101100101110
11111110110001010111001111101110
11111110101111101011100101110000
11111110101111111101011110001010
11111110110010010100110110001100
11111110110111010000101010101110
11111110111111011010100110110010
11111111001010010111011000110100
11111111011000010110010000100000
11111111101000100000000101110100
11111111111001111010101111110010
00000000001100000111101011010010
00000000011101101001101101111110
00000000101101101010011001100010
00000000111011101000101011010110
00000001000110101100010111011100
00000001001110100101011011000010
00000001010011101100011101010110
00000001010101110100000001111100
00000001010110000010011110001000
00000001010100011100111001011000
00000001010001111010111010000100
00000001001111011011001010100010
00000001001100110100010111100000
00000001001011000000101110011010
00000001001001110101111100110100
00000001001001011111000111101110
00000001001001100110111100111100
00000001001010010001010110110000
00000001001011011000100110001110
00000001001100001111101011100100
00000001001101001010001000110010
00000001001101111101100101110110
00000001001110010111110001001100
00000001001110100100010100000010
00000001001110110000100100011000
00000001001110101001000001110100
00000001001110011111000101000010
00000001001110001000111011011110
00000001001101111111101110010000
00000001001101101101010100110010
00000001001101110011101000111110
00000001001101011000001101000000
00000001001101011111111010000100
00000001001101010110110011101000
00000001001101010011010110001010
00000001001101001000111010010100
00000001001101000001100110011000
00000001001100110100011011110110
00000001001100101001100011010010
00000001001100011001011111011000
00000001001100001011000001001100
00000001001011110111111011101010
00000001001011100101110111001000
00000001001011001111101001011100
00000001001010111001111110000100
00000001001010100000100010101010
00000001001010000111010000011000
00000001001001101010100010110000
00000001001001001101101001010100
00000001001000101101100110000100
00000001001000001101000101101000
00000001000111101001101010001010
00000001000111000101100011100010
00000001000110011110101110011110
00000001000101110111000010110010
00000001000101001100110011100000
00000001000100100001100100011100
00000001000011110011111011001100
00000001000011000101001010110010
00000001000010010100000111111100
00000001000001100001110111111010
00000001000000101101011100001110
00000000111111110111101110010100
00000000111110111111111010100110
00000000111110000110110001000000
00000000111101001011100110100010
00000000111100001111000011110000
00000000111011010000100101011110
00000000111010010000101101100100
00000000111001001110111111011110
00000000111000001011111000000100
00000000110111000111000000000100
00000000110110000000101111111000
00000000110100111000110100110000
00000000110011101111100011101000
00000000110010100100101101000100
00000000110001011000100010110010
00000000110000001010111000011010
00000000101110111011111101000110
00000000101101101011100110110100
00000000101100011010000010010110
00000000101011000111000111111100
00000000101001110011000010110110
00000000101000011101101100111100
00000000100111000111010000000010
00000000100101101111100111101100
00000000100100010110111100011100
00000000100010111101001011010000
00000000100001100010011011110100
00000000100000000110101100000000
00000000011110101010000010101110
00000000011101001100011110110100
00000000011011101110000110100000
00000000011010001110111001010100
00000000011000101110111101000010
00000000010111001110010001111010
00000000010101101100111101011000
00000000010100001011000000000000
00000000010010101000011111001100
00000000010001000101011100000110
00000000001111100001111011110100
00000000001101111101111111110010
00000000001100011001101100111000
00000000001010110101000100111010
00000000001001010000001100001110
00000000000111101011000100110100
00000000000110000101110010110100
00000000000100100000011000001010
00000000000010111010111000110100
00000000000001010101010110101110
11111111111111101111110101100000
11111111111110001010010111101110
11111111111100100101000000011110
11111111111010111111110010011000
11111111111001011010110001000110
11111111110111110101111110111110
11111111110110010001011111100100
11111111110100101101010101101010
11111111110011001001100100100110
11111111110001100110001111010000
11111111110000000011011001000000
11111111101110100001000100100110
11111111101100111111010101010110
11111111101011011110001110001000
11111111101001111101110010001000
11111111101000011110000100000100
11111111100110111111000111001010
11111111100101100000111110000010
11111111100100000011101011110100
11111111100010100111010011001110
11111111100001001011110110111110
11111111011111110001011001101100
11111111011110010111111110010010
11111111011100111111100111000000
11111111011011101000010110010000
11111111011010010010001110110010
11111111011000111101010010101110
11111111010111101001100100010110
11111111010110010111000110000000
11111111010101000101111001111110
11111111010011110110000010011010
11111111010010100111100001001110
11111111010001011010011000101100
11111111010000001110101010110010
11111111001111000100011001011000
11111111001101111011100110001110
11111111001100110100010011010110
11111111001011101110100010010100
11111111001010101010010100101010
11111111001001100111101100000110
11111111001000100110101001111110
11111111000111100111001111100000
11111111000110101001011110000010
11111111000101101101010110101000
11111111000100110010111010010010
11111111000011111010001001110000
11111111000011000011000101111100
11111111000010001101101111010110
11111111000001011010000110011010
11111111000000101000001011101010
11111110111111110111111111100000
11111110111111001001100010010010
11111110111110011100110100010000
11111110111101110001110101101100
11111110111101001000100110111110
11111110111100100001001000010100
11111110111011111011011001110010
11111110111011010111011011101100
11111110111010110101001110000110
11111110111010010100110000101100
11111110111001110110000011101010
11111110111001011001000110100110
11111110111000111101111001000100
11111110111000100100011010110010
11111110111000001100101010111010
11111110110111110110101000101110
11111110110111100010010011011010
11111110110111001111101010000010
11111110110110111110101011100010
11111110110110101111010110101000
11111110110110100001101010001110
11111110110110010101100101000100
11111110110110001011000101101100
11111110110110000010001010110110
11111110110101111010110011001000
11111110110101110100111100111100
11111110110101110000100111000110
11111110110101101101101111110010
11111110110101101100010101100100
11111110110101101100010110101110
11111110110101101101110001011100
11111110110101110000100100101010
11111110110101110100010101101000
11111110110101111011010111100010
11111110110101111100000110001010
11111110110101110010000110010100
11111110110101111100100111111000
11111110110101101111110011010000
11111110110101101000100011100110
11111110110101100011110101101010
11111110110101100010010010011000
11111110110101110111000100000010
11111110110110001001111001110100
11111110110110101111111101010100
11111110110111011100101001000000
11111110111000101001101101001110
11111110111001011111110001011000
11111110111010101001001000110000
11111110111011011100010001000000
11111110111011101101001101011000
11111110111011010001010000000110
11111110111010011000000101010100
11111110111000011110101001111010
11111110110110001110001010011000
11111110110011100000010010100100
11111110110001011000101111110010
11111110101111101100010111011000
11111110101111111101000111010000
11111110110010010011011000010010
11111110110111001101100010100000
11111110111111010110000000001100
11111111001010010001001111101000
11111111011000001110101101010110
11111111101000010111110010110010
11111111111001110001110111010110
00000000001011111110110011010010
00000000011101100001100000001010
00000000101101100011000110101010
00000000111011100010100111110110
00000001000110101000000001110000
00000001001110100010011100001100
00000001010011101011000101011010
00000001010101110011110010010100
00000001010110000011000110010010
00000001010100011110010100001010
00000001010001111100010011011000
00000001001111011100101011000100
00000001001100110101100011010010
00000001001011000001100011011000
00000001001001110110010101110000
00000001001001011111001011001110
00000001001001100110110100110000
00000001001010010000110111010110
00000001001011011000001011010010
00000001001100001111010101111000
00000001001101001001110100010000
00000001001101111101011011100110
00000001001110010111110111111010
00000001001110100100011000101000
00000001001110110000110110001000
00000001001110101001010010011110
00000001001110011111100011100100
00000001001110001001001100111010
00000001001110000000001110000000
00000001001101101101011100100010
00000001001101110100000101110100
00000001001101011000011011011010
00000001001101100000001010111100
00000001001101010111000011100000
00000001001101010011101010011000
00000001001101001001001100111000
00000001001101000001111101000000
00000001001100110100110001001110
00000001001100101001111011100110
00000001001100011001110101111110
00000001001100001011011001010010
00000001001011111000010001000100
00000001001011100110001100100110
00000001001011001111111011100010
00000001001010111010001111100010
00000001001010100000110000111010
00000001001010000111011110001000
00000001001001101010101110110100
00000001001001001101110110001010
00000001001000101101110010110100
00000001001000001101010100111000
00000001000111101001111011010100
00000001000111000101111000001000
00000001000110011111000101101110
00000001000101110111011101101100
00000001000101001101010000100110
00000001000100100010000011111010
00000001000011110100011011010110
00000001000011000101101011010110
00000001000010010100100111010000
00000001000001100010010101101010
00000001000000101101110111010010
00000000111111111000000111000000
00000000111111000000010000001010
00000000111110000111000100001100
00000000111101001011110111101100
00000000111100001111010011111010
00000000111011010000110100111110
00000000111010010000111101110100
00000000111001001111010001000000
00000000111000001100001011101000
00000000110111000111010101110110
00000000110110000001001000100100
00000000110100111001001111111010
00000000110011110000000001000110
00000000110010100101001100010110
00000000110001011001000011010110
00000000110000001011011001100010
00000000101110111100011110010000
00000000101101101100000111011000
00000000101100011010100010000010
00000000101011000111100110011110
00000000101001110011100000001000
00000000101000011110001000111100
00000000100111000111101010110010
00000000100101110000000001010100
00000000100100010111010101011010
00000000100010111101100011011010
00000000100001100010110011011010
00000000100000000111000011000010
00000000011110101010011001011000
00000000011101001100110101000000
00000000011011101110011100001110
00000000011010001111001110101000
00000000011000101111010001111100
00000000010111001110100110010010
00000000010101101101010001011000
00000000010100001011010011110010
00000000010010101000110010110110
00000000010001000101101111110010
00000000001111100010001111101000
00000000001101111110010100000010
00000000001100011010000001100000
00000000001010110101011010000000
00000000001001010000100001111110
00000000000111101011011010111110
00000000000110000110001001010100
00000000000100100000101111000110
00000000000010111011001111101100
00000000000001010101101101100010
11111111111111110000001100001110
11111111111110001010101101111000
11111111111100100101010110001110
11111111111011000000000111100110
11111111111001011011000101110000
11111111110111110110010011001000
11111111110110010001110011010100
11111111110100101101101001001110
11111111110011001001111000000000
11111111110001100110100010110000
11111111110000000011101100100110
11111111101110100001011000000110
11111111101100111111101000111100
11111111101011011110100001101000
11111111101001111110000101001000
11111111101000011110010110101000
11111111100110111111011000110110
11111111100101100001001110111100
11111111100100000011111011111010
11111111100010100111100010011100
11111111100001001100000101101010
11111111011111110001101000001000
11111111011110011000001100101010
11111111011100111111110101101100
11111111011011101000100101101110
11111111011010010010011111001110
11111111011000111101100100010000
11111111010111101001110111000110
11111111010110010111011010001000
11111111010101000110001111010000
11111111010011110110011000110100
11111111010010100111111000110100
11111111010001011010110001010110
11111111010000001111000100010010
11111111001111000100110011111010
11111111001101111100000001101000
11111111001100110100101111011100
11111111001011101110111110111110
11111111001010101010110001101110
11111111001001101000001001001100
11111111001000100111000110100100
11111111000111100111101011010010
11111111000110101001111000100010
11111111000101101101101111010100
11111111000100110011010001000000
11111111000011111010011110011100
11111111000011000011011000100110
11111111000010001110000000100100
11111111000001011010010110110000
11111111000000101000011011111000
11111110111111111000010000011110
11111110111111001001110100100000
11111110111110011101001000011000
11111110111101110010001011111110
11111110111101001000111111001110
11111110111100100001100010001100
11111110111011111011110100101110
11111110111011010111110110110100
11111110111010110101101000011000
11111110111010010101001001011100
11111110111001110110011010000010
11111110111001011001011001111010
11111110111000111110001001010000
11111110111000100100100111101010
11111110111000001100110100101000
11111110110111110110101111110100
11111110110111100010011000011010
11111110110111001111101101100100
11111110110110111110101110001010
11111110110110101111011001001000
11111110110110100001101101000000
11111110110110010101101000011110
11111110110110001011001010001000
11111110110110000010010000011010
11111110110101111010111010000110
11111110110101110101000101010110
11111110110101110000110000110000
11111110110101101101111010110110
11111110110101101100100001111110
11111110110101101100100100010000
11111110110101101110000000000010
11111110110101110000110100000000
11111110110101110100100101101000
11111110110101111011100111110110
11111110110101111100010110100010
11111110110101110010010110101100
11111110110101111100110111111110
11111110110101110000000010111110
11111110110101101000110010110100
11111110110101100100000100001110
11111110110101100010100000010010
11111110110101110111010000111110
11111110110110001010000101100000
11111110110110110000000111110000
11111110110111011100110001110110
11111110111000101001110100001110
11111110111001011111110110101000
11111110111010101001001100001110
11111110111011011100010010111100
11111110111011101101001110001010
11111110111011010001010000000100
11111110111010011000000101010000
11111110111000011110101010100000
11111110110110001110001100001010
11111110110011100000010110000110
11111110110001011000110101100100
11111110101111101100011111100010
11111110101111111101010001101100
11111110110010010011100100110100
11111110110111001101110000011100
11111110111111010110001111000000
11111111001010010001011110110010
11111111011000001110111100000000
11111111101000011000000000101000
11111111111001110010000100000100
00000000001011111110111110111000
00000000011101100001101010101110
00000000101101100011010000101010
00000000111011100010110001110110
00000001000110101000001100011000
00000001001110100010101000000000
00000001010011101011010010111100
00000001010101110100000010001000
00000001010110000011011000011010
00000001010100011110101000100110
00000001010001111100101001111010
00000001001111011101000011000100
00000001001100110101111100000110
00000001001011000001111100001110
00000001001001110110101101100110
00000001001001011111100000111010
00000001001001100111000111101010
00000001001010010001000110110110
00000001001011011000010110110110
00000001001100001111011101101000
00000001001101001001111000011100
00000001001101111101011101000100
00000001001110010111110111100010
00000001001110100100010111011100
00000001001110110000110101100000
00000001001110101001010011011010
00000001001110011111100110101110
00000001001110001001010010110010
00000001001110000000010110101110
00000001001101101101100111011010
00000001001101110100010010000110
00000001001101011000101000000100
00000001001101100000010110011110
00000001001101010111001101000010
00000001001101010011110000110110
00000001001101001001001111110100
00000001001101000001111100011100
00000001001100110100101101100110
00000001001100101001110110001010
00000001001100011001101111110000
00000001001100001011010011111000
00000001001011111000001101111000
00000001001011100110001100101100
00000001001011001111111111101110
00000001001010111010011000010000
00000001001010100000111110000000
00000001001010000111101110111010
00000001001001101011000010010110
00000001001001001110001011011100
00000001001000101110001000101100
00000001001000001101101010010110
00000001000111101010001111010100
00000001000111000110001010001110
00000001000110011111010101101000
00000001000101110111101011010110
00000001000101001101011100010010
00000001000100100010001110001110
00000001000011110100100100011110
00000001000011000101110011101100
00000001000010010100101111100010
00000001000001100010011101111010
00000001000000101101111111101100
00000000111111111000001111100010
00000000111111000000011000110110
00000000111110000111001100111100
00000000111101001100000000011000
00000000111100001111011100100010
00000000111011010000111101100000
00000000111010010001000110010110
00000000111001001111011001100010
00000000111000001100010100001110
00000000110111000111011110110100
00000000110110000001010001100010
00000000110100111001011001000110
00000000110011110000001010100010
00000000110010100101010101101100
00000000110001011001001100101110
00000000110000001011100010100110
00000000101110111100100110111010
00000000101101101100001111101000
00000000101100011010101001110010
00000000101011000111101101110010
00000000101001110011100111001010
00000000101000011110001111111110
00000000100111000111110010010110
00000000100101110000001001111000
00000000100100010111011111010110
00000000100010111101101111011100
00000000100001100011000010001000
00000000100000000111010100101100
00000000011110101010101110010010
00000000011101001101001101010010
00000000011011101110110111101110
00000000011010001111101100111110
00000000011000101111110010101100
00000000010111001111001000110010
00000000010101101101110101000000
00000000010100001011110111110110
00000000010010101001010110101100
00000000010001000110010010111000
00000000001111100010110001101110
00000000001101111110110100110100
00000000001100011010100001000110
00000000001010110101111000101100
00000000001001010000111111110100
00000000000111101011111000110010
00000000000110000110100111100010
00000000000100100001001101111000
00000000000010111011101111101000
00000000000001010110001110110100
11111111111111110000101110101010
11111111111110001011010001100000
11111111111100100101111010100010
11111111111011000000101100011100
11111111111001011011101010100010
11111111110111110110110111100100
11111111110110010010010111001110
11111111110100101110001100011100
11111111110011001010011010110000
11111111110001100111000101001000
11111111110000000100001111001110
11111111101110100001111011110000
11111111101101000000001101111000
11111111101011011111001000100110
11111111101001111110101110101010
11111111101000011111000010101010
11111111100111000000000111101010
11111111100101100010000000000100
11111111100100000100101110101110
11111111100010101000010110011000
11111111100001001100111001110000
11111111011111110010011011100110
11111111011110011000111110110110
11111111011101000000100110000100
11111111011011101001010011111100
11111111011010010011001011001010
11111111011000111110001110000110
11111111010111101010011111010110
11111111010110011000000000111110
11111111010101000110110101000100
11111111010011110110111110000000
11111111010010101000011101100010
11111111010001011011010101100110
11111111010000001111101000000110
11111111001111000101010110110100
11111111001101111100100011101100
11111111001100110101010000001110
11111111001011101111011110011000
11111111001010101011001111111000
11111111001001101000100110000100
11111111001000100111100010110100
11111111000111101000000111010100
11111111000110101010010101000010
11111111000101101110001101000110
11111111000100110011110000010110
11111111000011111011000000000110
11111111000011000011111100101000
11111111000010001110100110100100
11111111000001011010111110110110
11111111000000101001000101011000
11111110111111111000111010100110
11111110111111001010011111000010
11111110111110011101110010011110
11111110111101110010110101010010
11111110111101001001100111101010
11111110111100100010001001100000
11111110111011111100011011000010
11111110111011011000011100100000
11111110111010110110001101100100
11111110111010010101101110011110
11111110111001110110111111001110
11111110111001011001111111011110
11111110111000111110101111001000
11111110111000100101001110000000
11111110111000001101011011100000
11111110110111110111010111001000
11111110110111100011000000010010
11111110110111010000010110000000
11111110110110111111010111011000
11111110110110110000000011010000
11111110110110100010011000001010
11111110110110010110010100110100
11111110110110001011110111110010
11111110110110000010111111010100
11111110110101111011101001111010
11111110110101110101110110000110
11111110110101110001100001111010
11111110110101101110101100000000
11111110110101101101010010101110
11111110110101101101010100001100
11111110110101101110101111000000
11111110110101110001100001110110
